      -7.61739e-004       -1.06774e-004        5.25980e-004
      -1.54171e-003       -6.56684e-004        7.26154e-004
      -2.32774e-003       -1.84681e-003        8.41408e-004
      -3.10770e-003       -3.61414e-003        9.02889e-004
      -3.86792e-003       -5.93144e-003        9.35061e-004
      -4.60206e-003       -8.77122e-003        9.46246e-004
      -5.30739e-003       -1.21078e-002        9.42224e-004
      -5.98287e-003       -1.59167e-002        9.26961e-004
      -6.62817e-003       -2.01746e-002        9.03421e-004
      -7.24323e-003       -2.48588e-002        8.73814e-004
      -7.82807e-003       -2.99474e-002        8.39783e-004
      -8.38275e-003       -3.54192e-002        8.02542e-004
      -8.90732e-003       -4.12530e-002        7.62984e-004
      -9.40181e-003       -4.74283e-002        7.21765e-004
      -9.86626e-003       -5.39243e-002        6.79365e-004
      -1.03007e-002       -6.07208e-002        6.36143e-004
      -1.07051e-002       -6.77975e-002        5.92370e-004
      -1.10795e-002       -7.51341e-002        5.48262e-004
      -1.14240e-002       -8.27104e-002        5.03998e-004
      -1.17385e-002       -9.05064e-002        4.59746e-004
      -1.20231e-002       -9.85018e-002        4.15682e-004
      -1.22778e-002       -1.06676e-001        3.72016e-004
      -1.25027e-002       -1.15010e-001        3.29024e-004
      -1.26978e-002       -1.23482e-001        2.87088e-004
      -1.28634e-002       -1.32073e-001        2.46717e-004
      -1.29997e-002       -1.40762e-001        2.08585e-004
      -1.31064e-002       -1.49529e-001        1.73468e-004
      -1.31809e-002       -1.58352e-001        1.43757e-004
      -1.32190e-002       -1.67198e-001        1.25188e-004
      -1.32289e-002       -1.76028e-001        1.21113e-004
      -4.42062e-003       -1.76036e-001        6.30437e-005
       4.37400e-003       -1.76077e-001        1.51089e-005
       1.32581e-002       -1.76177e-001       -4.90230e-005
       1.32188e-002       -1.67196e-001       -1.05243e-004
       1.31676e-002       -1.58340e-001       -1.39401e-004
       1.30932e-002       -1.49522e-001       -1.72823e-004
       1.29909e-002       -1.40759e-001       -2.09383e-004
       1.28582e-002       -1.32072e-001       -2.48318e-004
       1.26949e-002       -1.23482e-001       -2.88913e-004
       1.25011e-002       -1.15010e-001       -3.30699e-004
       1.22771e-002       -1.06676e-001       -3.73371e-004
       1.20228e-002       -9.85016e-002       -4.16692e-004
       1.17385e-002       -9.05063e-002       -4.60452e-004
       1.14241e-002       -8.27104e-002       -5.04465e-004
       1.10797e-002       -7.51340e-002       -5.48556e-004
       1.07052e-002       -6.77975e-002       -5.92544e-004
       1.03008e-002       -6.07208e-002       -6.36237e-004
       9.86633e-003       -5.39243e-002       -6.79411e-004
       9.40186e-003       -4.74283e-002       -7.21784e-004
       8.90736e-003       -4.12531e-002       -7.62989e-004
       8.38278e-003       -3.54192e-002       -8.02540e-004
       7.82809e-003       -2.99474e-002       -8.39778e-004
       7.24324e-003       -2.48588e-002       -8.73808e-004
       6.62817e-003       -2.01746e-002       -9.03416e-004
       5.98287e-003       -1.59167e-002       -9.26957e-004
       5.30738e-003       -1.21078e-002       -9.42221e-004
       4.60206e-003       -8.77122e-003       -9.46244e-004
       3.86792e-003       -5.93144e-003       -9.35058e-004
       3.10770e-003       -3.61414e-003       -9.02886e-004
       2.32774e-003       -1.84681e-003       -8.41405e-004
       1.54171e-003       -6.56684e-004       -7.26152e-004
       7.61738e-004       -1.06775e-004       -5.25978e-004
       0.00000e+000        0.00000e+000        0.00000e+000
       0.00000e+000        0.00000e+000        0.00000e+000
       0.00000e+000        0.00000e+000        0.00000e+000
      -2.79076e-004        9.24544e-005        1.79010e-004
      -5.40485e-004       -5.02367e-004        2.44872e-004
      -7.88303e-004       -1.69039e-003        2.80487e-004
      -1.04001e-003       -3.46095e-003        3.00502e-004
      -1.28789e-003       -5.78305e-003        3.10664e-004
      -1.52884e-003       -8.62846e-003        3.14111e-004
      -1.76130e-003       -1.19710e-002        3.12617e-004
      -1.98456e-003       -1.57859e-002        3.07461e-004
      -2.19830e-003       -2.00498e-002        2.99597e-004
      -2.40234e-003       -2.47400e-002        2.89742e-004
      -2.59658e-003       -2.98347e-002        2.78433e-004
      -2.78096e-003       -3.53124e-002        2.66067e-004
      -2.95544e-003       -4.11522e-002        2.52938e-004
      -3.12000e-003       -4.73334e-002        2.39259e-004
      -3.27463e-003       -5.38354e-002        2.25187e-004
      -3.41931e-003       -6.06378e-002        2.10838e-004
      -3.55403e-003       -6.77204e-002        1.96297e-004
      -3.67880e-003       -7.50630e-002        1.81631e-004
      -3.79362e-003       -8.26453e-002        1.66899e-004
      -3.89851e-003       -9.04471e-002        1.52150e-004
      -3.99350e-003       -9.84484e-002        1.37446e-004
      -4.07865e-003       -1.06629e-001        1.22867e-004
      -4.15402e-003       -1.14968e-001        1.08528e-004
      -4.21970e-003       -1.23447e-001        9.46001e-005
      -4.27582e-003       -1.32043e-001        8.13449e-005
      -4.32267e-003       -1.40737e-001        6.91862e-005
      -4.36106e-003       -1.49509e-001        5.91280e-005
      -4.39301e-003       -1.58338e-001        5.29350e-005
      -4.41521e-003       -1.67197e-001        5.43769e-005
       2.79076e-004        9.24543e-005       -1.79009e-004
       5.40485e-004       -5.02366e-004       -2.44869e-004
       7.88302e-004       -1.69039e-003       -2.80484e-004
       1.04001e-003       -3.46095e-003       -3.00499e-004
       1.28789e-003       -5.78305e-003       -3.10661e-004
       1.52884e-003       -8.62846e-003       -3.14108e-004
       1.76130e-003       -1.19710e-002       -3.12614e-004
       1.98456e-003       -1.57859e-002       -3.07458e-004
       2.19830e-003       -2.00498e-002       -2.99592e-004
       2.40234e-003       -2.47400e-002       -2.89737e-004
       2.59659e-003       -2.98347e-002       -2.78429e-004
       2.78098e-003       -3.53124e-002       -2.66067e-004
       2.95548e-003       -4.11522e-002       -2.52946e-004
       3.12006e-003       -4.73334e-002       -2.39283e-004
       3.27471e-003       -5.38354e-002       -2.25239e-004
       3.41941e-003       -6.06378e-002       -2.10940e-004
       3.55415e-003       -6.77204e-002       -1.96479e-004
       3.67892e-003       -7.50630e-002       -1.81935e-004
       3.79372e-003       -8.26452e-002       -1.67374e-004
       3.89851e-003       -9.04471e-002       -1.52858e-004
       3.99328e-003       -9.84484e-002       -1.38442e-004
       4.07798e-003       -1.06629e-001       -1.24176e-004
       4.15256e-003       -1.14968e-001       -1.10106e-004
       4.21696e-003       -1.23446e-001       -9.62616e-005
       4.27109e-003       -1.32043e-001       -8.26555e-005
       4.31477e-003       -1.40736e-001       -6.92063e-005
       4.34726e-003       -1.49506e-001       -5.55881e-005
       4.36651e-003       -1.58331e-001       -3.97910e-005
       4.36760e-003       -1.67200e-001       -1.97782e-005
      -1.32288e-002       -1.76028e-001       -1.21119e-004
      -1.32267e-002       -1.76094e-001       -1.14100e-004
      -1.32213e-002       -1.76159e-001       -9.71588e-005
      -1.32164e-002       -1.76211e-001       -6.97104e-005
      -1.32130e-002       -1.76244e-001       -3.62165e-005
      -1.32119e-002       -1.76255e-001       -3.35108e-009
      -1.32130e-002       -1.76244e-001        3.62099e-005
      -1.32164e-002       -1.76211e-001        6.97041e-005
      -1.32213e-002       -1.76159e-001        9.71528e-005
      -1.32267e-002       -1.76094e-001        1.14094e-004
       0.00000e+000        0.00000e+000        0.00000e+000
       0.00000e+000        0.00000e+000        0.00000e+000
       0.00000e+000        0.00000e+000        0.00000e+000
       0.00000e+000        0.00000e+000        0.00000e+000
       0.00000e+000        0.00000e+000        0.00000e+000
       0.00000e+000        0.00000e+000        0.00000e+000
      -7.61736e-004       -1.06770e-004       -5.25980e-004
      -1.54170e-003       -6.56675e-004       -7.26157e-004
      -2.32774e-003       -1.84680e-003       -8.41412e-004
      -3.10770e-003       -3.61412e-003       -9.02895e-004
      -3.86792e-003       -5.93142e-003       -9.35068e-004
      -4.60206e-003       -8.77120e-003       -9.46253e-004
      -5.30739e-003       -1.21078e-002       -9.42230e-004
      -5.98287e-003       -1.59167e-002       -9.26966e-004
      -6.62817e-003       -2.01745e-002       -9.03425e-004
      -7.24323e-003       -2.48587e-002       -8.73816e-004
      -7.82808e-003       -2.99474e-002       -8.39785e-004
      -8.38276e-003       -3.54192e-002       -8.02542e-004
      -8.90732e-003       -4.12530e-002       -7.62983e-004
      -9.40181e-003       -4.74283e-002       -7.21763e-004
      -9.86626e-003       -5.39243e-002       -6.79363e-004
      -1.03007e-002       -6.07208e-002       -6.36140e-004
      -1.07051e-002       -6.77975e-002       -5.92367e-004
      -1.10795e-002       -7.51341e-002       -5.48258e-004
      -1.14240e-002       -8.27104e-002       -5.03994e-004
      -1.17385e-002       -9.05064e-002       -4.59742e-004
      -1.20231e-002       -9.85018e-002       -4.15677e-004
      -1.22778e-002       -1.06676e-001       -3.72011e-004
      -1.25027e-002       -1.15010e-001       -3.29020e-004
      -1.26978e-002       -1.23482e-001       -2.87085e-004
      -1.28634e-002       -1.32073e-001       -2.46716e-004
      -1.29996e-002       -1.40762e-001       -2.08586e-004
      -1.31064e-002       -1.49529e-001       -1.73470e-004
      -1.31809e-002       -1.58352e-001       -1.43762e-004
      -1.32189e-002       -1.67198e-001       -1.25194e-004
      -1.32171e-002       -1.67269e-001       -1.14485e-004
      -1.32081e-002       -1.67337e-001       -9.59408e-005
      -1.32003e-002       -1.67391e-001       -6.86658e-005
      -1.31955e-002       -1.67425e-001       -3.56814e-005
      -1.31939e-002       -1.67437e-001       -3.50370e-009
      -1.31955e-002       -1.67425e-001        3.56745e-005
      -1.32003e-002       -1.67391e-001        6.86593e-005
      -1.32081e-002       -1.67337e-001        9.59347e-005
      -1.32171e-002       -1.67269e-001        1.14480e-004
      -1.31822e-002       -1.58438e-001       -1.25322e-004
      -1.31699e-002       -1.58513e-001       -1.02047e-004
      -1.31594e-002       -1.58572e-001       -7.21418e-005
      -1.31529e-002       -1.58609e-001       -3.73272e-005
      -1.31508e-002       -1.58621e-001       -2.70519e-009
      -1.31529e-002       -1.58609e-001        3.73219e-005
      -1.31594e-002       -1.58572e-001        7.21368e-005
      -1.31699e-002       -1.58513e-001        1.02042e-004
      -1.31822e-002       -1.58438e-001        1.25318e-004
      -1.31111e-002       -1.49634e-001       -1.45247e-004
      -1.30972e-002       -1.49722e-001       -1.14515e-004
      -1.30843e-002       -1.49788e-001       -7.94616e-005
      -1.30762e-002       -1.49829e-001       -4.07329e-005
      -1.30735e-002       -1.49843e-001       -1.68773e-009
      -1.30762e-002       -1.49829e-001        4.07296e-005
      -1.30843e-002       -1.49788e-001        7.94584e-005
      -1.30972e-002       -1.49722e-001        1.14512e-004
      -1.31111e-002       -1.49634e-001        1.45245e-004
      -1.30064e-002       -1.40889e-001       -1.70948e-004
      -1.29920e-002       -1.40991e-001       -1.31879e-004
      -1.29776e-002       -1.41067e-001       -9.00605e-005
      -1.29682e-002       -1.41113e-001       -4.57435e-005
      -1.29650e-002       -1.41129e-001       -6.70469e-010
      -1.29682e-002       -1.41113e-001        4.57422e-005
      -1.29776e-002       -1.41067e-001        9.00593e-005
      -1.29920e-002       -1.40991e-001        1.31878e-004
      -1.30064e-002       -1.40889e-001        1.70947e-004
      -1.28714e-002       -1.32223e-001       -2.00087e-004
      -1.28565e-002       -1.32342e-001       -1.52515e-004
      -1.28412e-002       -1.32429e-001       -1.03099e-004
      -1.28310e-002       -1.32482e-001       -5.20270e-005
      -1.28275e-002       -1.32499e-001        2.44218e-010
      -1.28310e-002       -1.32482e-001        5.20275e-005
      -1.28412e-002       -1.32429e-001        1.03100e-004
      -1.28565e-002       -1.32342e-001        1.52516e-004
      -1.28714e-002       -1.32223e-001        2.00088e-004
      -1.27065e-002       -1.23656e-001       -2.31464e-004
      -1.26913e-002       -1.23793e-001       -1.75263e-004
      -1.26753e-002       -1.23892e-001       -1.17791e-004
      -1.26646e-002       -1.23952e-001       -5.92107e-005
      -1.26609e-002       -1.23972e-001        9.96980e-010
      -1.26646e-002       -1.23952e-001        5.92127e-005
      -1.26753e-002       -1.23892e-001        1.17793e-004
      -1.26913e-002       -1.23793e-001        1.75265e-004
      -1.27065e-002       -1.23656e-001        2.31467e-004
      -1.25117e-002       -1.15209e-001       -2.64353e-004
      -1.24962e-002       -1.15364e-001       -1.99393e-004
      -1.24799e-002       -1.15476e-001       -1.33565e-004
      -1.24688e-002       -1.15544e-001       -6.69907e-005
      -1.24650e-002       -1.15567e-001        1.55566e-009
      -1.24688e-002       -1.15544e-001        6.69938e-005
      -1.24799e-002       -1.15476e-001        1.33568e-004
      -1.24962e-002       -1.15364e-001        1.99396e-004
      -1.25118e-002       -1.15209e-001        2.64356e-004
      -1.22871e-002       -1.06901e-001       -2.98247e-004
      -1.22714e-002       -1.07076e-001       -2.24427e-004
      -1.22547e-002       -1.07201e-001       -1.50036e-004
      -1.22434e-002       -1.07277e-001       -7.51529e-005
      -1.22395e-002       -1.07302e-001        1.91235e-009
      -1.22434e-002       -1.07277e-001        7.51568e-005
      -1.22547e-002       -1.07201e-001        1.50040e-004
      -1.22714e-002       -1.07076e-001        2.24431e-004
      -1.22871e-002       -1.06901e-001        2.98251e-004
      -1.20325e-002       -9.87519e-002       -3.32785e-004
      -1.20166e-002       -9.89467e-002       -2.50035e-004
      -1.19997e-002       -9.90862e-002       -1.66944e-004
      -1.19883e-002       -9.91700e-002       -8.35535e-005
      -1.19844e-002       -9.91980e-002        2.08192e-009
      -1.19883e-002       -9.91700e-002        8.35577e-005
      -1.19997e-002       -9.90862e-002        1.66949e-004
      -1.20166e-002       -9.89467e-002        2.50039e-004
      -1.20325e-002       -9.87519e-002        3.32789e-004
      -1.17480e-002       -9.07827e-002       -3.67701e-004
      -1.17320e-002       -9.09976e-002       -2.75978e-004
      -1.17150e-002       -9.11512e-002       -1.84107e-004
      -1.17035e-002       -9.12435e-002       -9.20920e-005
      -1.16995e-002       -9.12743e-002        2.09581e-009
      -1.17035e-002       -9.12435e-002        9.20962e-005
      -1.17150e-002       -9.11512e-002        1.84112e-004
      -1.17320e-002       -9.09975e-002        2.75983e-004
      -1.17480e-002       -9.07827e-002        3.67705e-004
      -1.14335e-002       -8.30131e-002       -4.02794e-004
      -1.14175e-002       -8.32482e-002       -3.02077e-004
      -1.14004e-002       -8.34161e-002       -2.01387e-004
      -1.13889e-002       -8.35169e-002       -1.00693e-004
      -1.13849e-002       -8.35505e-002        1.99338e-009
      -1.13889e-002       -8.35169e-002        1.00697e-004
      -1.14004e-002       -8.34161e-002        2.01391e-004
      -1.14175e-002       -8.32481e-002        3.02081e-004
      -1.14335e-002       -8.30131e-002        4.02798e-004
      -1.10891e-002       -7.54631e-002       -4.37893e-004
      -1.10730e-002       -7.57184e-002       -3.28178e-004
      -1.10561e-002       -7.59007e-002       -2.18666e-004
      -1.10446e-002       -7.60100e-002       -1.09294e-004
      -1.10406e-002       -7.60465e-002        1.81231e-009
      -1.10446e-002       -7.60100e-002        1.09297e-004
      -1.10560e-002       -7.59007e-002        2.18670e-004
      -1.10730e-002       -7.57184e-002        3.28182e-004
      -1.10890e-002       -7.54631e-002        4.37897e-004
      -1.07146e-002       -6.81528e-002       -4.72835e-004
      -1.06987e-002       -6.84282e-002       -3.54136e-004
      -1.06819e-002       -6.86248e-002       -2.35836e-004
      -1.06705e-002       -6.87426e-002       -1.17835e-004
      -1.06666e-002       -6.87818e-002        1.58056e-009
      -1.06705e-002       -6.87426e-002        1.17838e-004
      -1.06819e-002       -6.86248e-002        2.35839e-004
      -1.06987e-002       -6.84282e-002        3.54139e-004
      -1.07146e-002       -6.81528e-002        4.72839e-004
      -1.03101e-002       -6.11022e-002       -5.07446e-004
      -1.02944e-002       -6.13976e-002       -3.79794e-004
      -1.02779e-002       -6.16082e-002       -2.52777e-004
      -1.02668e-002       -6.17343e-002       -1.26252e-004
      -1.02629e-002       -6.17764e-002        1.31191e-009
      -1.02668e-002       -6.17343e-002        1.26255e-004
      -1.02779e-002       -6.16082e-002        2.52780e-004
      -1.02944e-002       -6.13976e-002        3.79796e-004
      -1.03101e-002       -6.11022e-002        5.07448e-004
      -9.87556e-003       -5.43314e-002       -5.41515e-004
      -9.86031e-003       -5.46463e-002       -4.04963e-004
      -9.84423e-003       -5.48707e-002       -2.69347e-004
      -9.83340e-003       -5.50050e-002       -1.34470e-004
      -9.82967e-003       -5.50497e-002        1.00593e-009
      -9.83340e-003       -5.50050e-002        1.34472e-004
      -9.84423e-003       -5.48707e-002        2.69349e-004
      -9.86031e-003       -5.46463e-002        4.04965e-004
      -9.87556e-003       -5.43314e-002        5.41517e-004
      -9.41097e-003       -4.78605e-002       -5.74775e-004
      -9.39630e-003       -4.81944e-002       -4.29404e-004
      -9.38087e-003       -4.84321e-002       -2.85365e-004
      -9.37053e-003       -4.85743e-002       -1.42389e-004
      -9.36696e-003       -4.86216e-002        6.52362e-010
      -9.37052e-003       -4.85743e-002        1.42390e-004
      -9.38087e-003       -4.84321e-002        2.85366e-004
      -9.39630e-003       -4.81944e-002        4.29406e-004
      -9.41097e-003       -4.78605e-002        5.74777e-004
      -8.91629e-003       -4.17096e-002       -6.06876e-004
      -8.90245e-003       -4.20618e-002       -4.52802e-004
      -8.88795e-003       -4.23120e-002       -3.00589e-004
      -8.87828e-003       -4.24616e-002       -1.49880e-004
      -8.87496e-003       -4.25113e-002        2.38731e-010
      -8.87828e-003       -4.24616e-002        1.49880e-004
      -8.88795e-003       -4.23120e-002        3.00590e-004
      -8.90244e-003       -4.20618e-002        4.52802e-004
      -8.91629e-003       -4.17096e-002        6.06877e-004
      -8.39146e-003       -3.58989e-002       -6.37345e-004
      -8.37878e-003       -3.62682e-002       -4.74729e-004
      -8.36559e-003       -3.65301e-002       -3.14697e-004
      -8.35687e-003       -3.66864e-002       -1.56768e-004
      -8.35390e-003       -3.67384e-002       -2.40860e-010
      -8.35687e-003       -3.66864e-002        1.56768e-004
      -8.36559e-003       -3.65301e-002        3.14697e-004
      -8.37877e-003       -3.62682e-002        4.74728e-004
      -8.39145e-003       -3.58989e-002        6.37345e-004
      -7.83641e-003       -3.04487e-002       -6.65540e-004
      -7.82534e-003       -3.08335e-002       -4.94608e-004
      -7.81399e-003       -3.11057e-002       -3.27250e-004
      -7.80660e-003       -3.12679e-002       -1.62816e-004
      -7.80410e-003       -3.13218e-002       -7.77992e-010
      -7.80659e-003       -3.12679e-002        1.62815e-004
      -7.81399e-003       -3.11057e-002        3.27248e-004
      -7.82534e-003       -3.08335e-002        4.94607e-004
      -7.83640e-003       -3.04487e-002        6.65538e-004
      -7.25106e-003       -2.53794e-002       -6.90584e-004
      -7.24223e-003       -2.57775e-002       -5.11653e-004
      -7.23340e-003       -2.60582e-002       -3.37649e-004
      -7.22783e-003       -2.62250e-002       -1.67702e-004
      -7.22600e-003       -2.62803e-002       -1.34544e-009
      -7.22783e-003       -2.62250e-002        1.67699e-004
      -7.23340e-003       -2.60582e-002        3.37647e-004
      -7.24223e-003       -2.57775e-002        5.11650e-004
      -7.25105e-003       -2.53794e-002        6.90582e-004
      -6.63530e-003       -2.07115e-002       -7.11296e-004
      -6.62954e-003       -2.11199e-002       -5.24801e-004
      -6.62417e-003       -2.14064e-002       -3.45091e-004
      -6.62112e-003       -2.15761e-002       -1.70990e-004
      -6.62018e-003       -2.16323e-002       -1.89738e-009
      -6.62111e-003       -2.15761e-002        1.70987e-004
      -6.62417e-003       -2.14064e-002        3.45087e-004
      -6.62954e-003       -2.11199e-002        5.24797e-004
      -6.63529e-003       -2.07116e-002        7.11292e-004
      -5.98903e-003       -1.64658e-002       -7.26081e-004
      -5.98745e-003       -1.68802e-002       -5.32631e-004
      -5.98678e-003       -1.71691e-002       -3.48500e-004
      -5.98712e-003       -1.73393e-002       -1.72104e-004
      -5.98741e-003       -1.73954e-002       -2.37477e-009
      -5.98712e-003       -1.73393e-002        1.72099e-004
      -5.98677e-003       -1.71691e-002        3.48495e-004
      -5.98745e-003       -1.68802e-002        5.32626e-004
      -5.98903e-003       -1.64658e-002        7.26076e-004
      -5.31221e-003       -1.26633e-002       -7.32821e-004
      -5.31623e-003       -1.30780e-002       -5.33272e-004
      -5.32182e-003       -1.33642e-002       -3.46477e-004
      -5.32669e-003       -1.35316e-002       -1.70295e-004
      -5.32860e-003       -1.35867e-002       -2.71530e-009
      -5.32669e-003       -1.35316e-002        1.70289e-004
      -5.32182e-003       -1.33643e-002        3.46471e-004
      -5.31623e-003       -1.30780e-002        5.33266e-004
      -5.31221e-003       -1.26633e-002        7.32815e-004
      -4.60498e-003       -9.32522e-003       -7.28743e-004
      -4.61631e-003       -9.73241e-003       -5.24316e-004
      -4.63007e-003       -1.00094e-002       -3.37261e-004
      -4.64078e-003       -1.01696e-002       -1.64636e-004
      -4.64477e-003       -1.02219e-002       -2.86613e-009
      -4.64078e-003       -1.01696e-002        1.64630e-004
      -4.63007e-003       -1.00094e-002        3.37255e-004
      -4.61631e-003       -9.73243e-003        5.24310e-004
      -4.60498e-003       -9.32523e-003        7.28737e-004
      -3.86790e-003       -6.47329e-003       -7.10216e-004
      -3.88844e-003       -6.86230e-003       -5.02759e-004
      -3.91238e-003       -7.12107e-003       -3.18735e-004
      -3.93026e-003       -7.26816e-003       -1.54070e-004
      -3.93677e-003       -7.31579e-003       -2.79716e-009
      -3.93026e-003       -7.26817e-003        1.54065e-004
      -3.91238e-003       -7.12108e-003        3.18729e-004
      -3.88844e-003       -6.86231e-003        5.02753e-004
      -3.86790e-003       -6.47331e-003        7.10210e-004
      -3.10252e-003       -4.12927e-003       -6.72468e-004
      -3.13380e-003       -4.48563e-003       -4.64774e-004
      -3.16960e-003       -4.71466e-003       -2.88574e-004
      -3.19551e-003       -4.84146e-003       -1.37534e-004
      -3.20479e-003       -4.88195e-003       -2.51180e-009
      -3.19551e-003       -4.84146e-003        1.37529e-004
      -3.16960e-003       -4.71466e-003        2.88569e-004
      -3.13380e-003       -4.48565e-003        4.64769e-004
      -3.10252e-003       -4.12928e-003        6.72462e-004
      -2.31184e-003       -2.31420e-003       -6.07662e-004
      -2.35455e-003       -2.61892e-003       -4.05504e-004
      -2.40249e-003       -2.80413e-003       -2.44286e-004
      -2.43579e-003       -2.90286e-003       -1.14460e-004
      -2.44726e-003       -2.93375e-003       -2.05085e-009
      -2.43580e-003       -2.90287e-003        1.14455e-004
      -2.40250e-003       -2.80413e-003        2.44282e-004
      -2.35455e-003       -2.61893e-003        4.05499e-004
      -2.31184e-003       -2.31421e-003        6.07657e-004
      -1.50164e-003       -1.04665e-003       -5.01923e-004
      -1.55537e-003       -1.27338e-003       -3.15484e-004
      -1.61259e-003       -1.40103e-003       -1.84677e-004
      -1.64784e-003       -1.46542e-003       -8.51288e-005
      -1.65965e-003       -1.48509e-003       -1.48002e-009
      -1.64784e-003       -1.46542e-003        8.51258e-005
      -1.61259e-003       -1.40103e-003        1.84674e-004
      -1.55537e-003       -1.27339e-003        3.15482e-004
      -1.50164e-003       -1.04665e-003        5.01920e-004
      -6.87491e-004       -3.47862e-004       -3.10036e-004
      -7.56415e-004       -4.72950e-004       -1.89617e-004
      -8.01319e-004       -5.36327e-004       -1.09372e-004
      -8.27673e-004       -5.67193e-004       -4.99504e-005
      -8.36056e-004       -5.76407e-004       -8.49669e-010
      -8.27674e-004       -5.67194e-004        4.99488e-005
      -8.01320e-004       -5.36329e-004        1.09370e-004
      -7.56417e-004       -4.72952e-004        1.89616e-004
      -6.87493e-004       -3.47866e-004        3.10034e-004
       0.00000e+000        0.00000e+000        0.00000e+000
       0.00000e+000        0.00000e+000        0.00000e+000
       0.00000e+000        0.00000e+000        0.00000e+000
       1.32853e-002       -1.76246e-001       -6.72181e-005
       1.32872e-002       -1.76309e-001       -6.65965e-005
       1.32851e-002       -1.76358e-001       -5.12241e-005
       1.32830e-002       -1.76390e-001       -2.75192e-005
       1.32822e-002       -1.76400e-001        3.34213e-009
       1.32830e-002       -1.76390e-001        2.75258e-005
       1.32851e-002       -1.76358e-001        5.12304e-005
       1.32872e-002       -1.76309e-001        6.66025e-005
       1.32853e-002       -1.76246e-001        6.72240e-005
       1.32581e-002       -1.76176e-001        4.90287e-005
       1.32188e-002       -1.67196e-001        1.05249e-004
       1.31676e-002       -1.58340e-001        1.39406e-004
       1.30932e-002       -1.49522e-001        1.72825e-004
       1.29909e-002       -1.40759e-001        2.09384e-004
       1.28582e-002       -1.32072e-001        2.48317e-004
       1.26949e-002       -1.23482e-001        2.88910e-004
       1.25011e-002       -1.15010e-001        3.30695e-004
       1.22771e-002       -1.06676e-001        3.73367e-004
       1.20228e-002       -9.85016e-002        4.16687e-004
       1.17385e-002       -9.05063e-002        4.60447e-004
       1.14241e-002       -8.27104e-002        5.04461e-004
       1.10797e-002       -7.51341e-002        5.48552e-004
       1.07052e-002       -6.77975e-002        5.92541e-004
       1.03008e-002       -6.07208e-002        6.36234e-004
       9.86633e-003       -5.39243e-002        6.79409e-004
       9.40187e-003       -4.74283e-002        7.21782e-004
       8.90736e-003       -4.12531e-002        7.62989e-004
       8.38278e-003       -3.54192e-002        8.02540e-004
       7.82809e-003       -2.99474e-002        8.39779e-004
       7.24324e-003       -2.48587e-002        8.73811e-004
       6.62818e-003       -2.01745e-002        9.03420e-004
       5.98287e-003       -1.59167e-002        9.26963e-004
       5.30739e-003       -1.21078e-002        9.42227e-004
       4.60206e-003       -8.77120e-003        9.46250e-004
       3.86792e-003       -5.93142e-003        9.35065e-004
       3.10770e-003       -3.61412e-003        9.02892e-004
       2.32774e-003       -1.84680e-003        8.41410e-004
       1.54170e-003       -6.56675e-004        7.26154e-004
       7.61736e-004       -1.06771e-004        5.25979e-004
       6.87490e-004       -3.47862e-004        3.10034e-004
       7.56415e-004       -4.72950e-004        1.89616e-004
       8.01319e-004       -5.36327e-004        1.09371e-004
       8.27673e-004       -5.67193e-004        4.99499e-005
       8.36056e-004       -5.76407e-004        8.46643e-010
       8.27674e-004       -5.67194e-004       -4.99482e-005
       8.01321e-004       -5.36329e-004       -1.09369e-004
       7.56417e-004       -4.72952e-004       -1.89614e-004
       6.87493e-004       -3.47866e-004       -3.10033e-004
       1.50164e-003       -1.04665e-003        5.01921e-004
       1.55537e-003       -1.27338e-003        3.15483e-004
       1.61259e-003       -1.40103e-003        1.84676e-004
       1.64784e-003       -1.46542e-003        8.51282e-005
       1.65965e-003       -1.48509e-003        1.47388e-009
       1.64784e-003       -1.46542e-003       -8.51252e-005
       1.61259e-003       -1.40103e-003       -1.84673e-004
       1.55537e-003       -1.27339e-003       -3.15480e-004
       1.50164e-003       -1.04665e-003       -5.01918e-004
       2.31183e-003       -2.31420e-003        6.07659e-004
       2.35454e-003       -2.61892e-003        4.05501e-004
       2.40249e-003       -2.80413e-003        2.44284e-004
       2.43579e-003       -2.90286e-003        1.14459e-004
       2.44726e-003       -2.93375e-003        2.04162e-009
       2.43579e-003       -2.90287e-003       -1.14455e-004
       2.40249e-003       -2.80414e-003       -2.44280e-004
       2.35455e-003       -2.61893e-003       -4.05497e-004
       2.31184e-003       -2.31421e-003       -6.07655e-004
       3.10252e-003       -4.12927e-003        6.72465e-004
       3.13380e-003       -4.48563e-003        4.64772e-004
       3.16960e-003       -4.71466e-003        2.88572e-004
       3.19551e-003       -4.84146e-003        1.37532e-004
       3.20479e-003       -4.88195e-003        2.49974e-009
       3.19551e-003       -4.84146e-003       -1.37527e-004
       3.16960e-003       -4.71466e-003       -2.88567e-004
       3.13380e-003       -4.48565e-003       -4.64767e-004
       3.10252e-003       -4.12928e-003       -6.72460e-004
       3.86790e-003       -6.47329e-003        7.10213e-004
       3.88843e-003       -6.86230e-003        5.02757e-004
       3.91237e-003       -7.12107e-003        3.18733e-004
       3.93025e-003       -7.26816e-003        1.54069e-004
       3.93677e-003       -7.31579e-003        2.78273e-009
       3.93025e-003       -7.26817e-003       -1.54064e-004
       3.91237e-003       -7.12108e-003       -3.18727e-004
       3.88844e-003       -6.86231e-003       -5.02751e-004
       3.86790e-003       -6.47331e-003       -7.10207e-004
       4.60498e-003       -9.32522e-003        7.28741e-004
       4.61631e-003       -9.73241e-003        5.24313e-004
       4.63007e-003       -1.00094e-002        3.37259e-004
       4.64078e-003       -1.01696e-002        1.64635e-004
       4.64477e-003       -1.02219e-002        2.84998e-009
       4.64078e-003       -1.01696e-002       -1.64630e-004
       4.63007e-003       -1.00094e-002       -3.37253e-004
       4.61631e-003       -9.73243e-003       -5.24307e-004
       4.60498e-003       -9.32523e-003       -7.28734e-004
       5.31221e-003       -1.26633e-002        7.32818e-004
       5.31623e-003       -1.30780e-002        5.33269e-004
       5.32182e-003       -1.33642e-002        3.46475e-004
       5.32669e-003       -1.35316e-002        1.70294e-004
       5.32860e-003       -1.35867e-002        2.69824e-009
       5.32669e-003       -1.35316e-002       -1.70288e-004
       5.32182e-003       -1.33643e-002       -3.46469e-004
       5.31622e-003       -1.30780e-002       -5.33264e-004
       5.31221e-003       -1.26633e-002       -7.32812e-004
       5.98903e-003       -1.64658e-002        7.26077e-004
       5.98745e-003       -1.68802e-002        5.32627e-004
       5.98677e-003       -1.71691e-002        3.48498e-004
       5.98712e-003       -1.73393e-002        1.72102e-004
       5.98740e-003       -1.73954e-002        2.35765e-009
       5.98712e-003       -1.73393e-002       -1.72098e-004
       5.98677e-003       -1.71691e-002       -3.48493e-004
       5.98745e-003       -1.68802e-002       -5.32623e-004
       5.98903e-003       -1.64658e-002       -7.26072e-004
       6.63530e-003       -2.07115e-002        7.11291e-004
       6.62954e-003       -2.11199e-002        5.24796e-004
       6.62417e-003       -2.14064e-002        3.45087e-004
       6.62111e-003       -2.15761e-002        1.70988e-004
       6.62017e-003       -2.16323e-002        1.88109e-009
       6.62111e-003       -2.15761e-002       -1.70984e-004
       6.62416e-003       -2.14064e-002       -3.45083e-004
       6.62954e-003       -2.11199e-002       -5.24792e-004
       6.63530e-003       -2.07116e-002       -7.11287e-004
       7.25106e-003       -2.53794e-002        6.90578e-004
       7.24223e-003       -2.57775e-002        5.11646e-004
       7.23339e-003       -2.60582e-002        3.37644e-004
       7.22783e-003       -2.62250e-002        1.67699e-004
       7.22599e-003       -2.62803e-002        1.33084e-009
       7.22782e-003       -2.62250e-002       -1.67696e-004
       7.23339e-003       -2.60582e-002       -3.37641e-004
       7.24223e-003       -2.57775e-002       -5.11644e-004
       7.25106e-003       -2.53794e-002       -6.90575e-004
       7.83642e-003       -3.04487e-002        6.65533e-004
       7.82535e-003       -3.08335e-002        4.94601e-004
       7.81398e-003       -3.11057e-002        3.27244e-004
       7.80658e-003       -3.12679e-002        1.62813e-004
       7.80409e-003       -3.13218e-002        7.65838e-010
       7.80658e-003       -3.12679e-002       -1.62811e-004
       7.81398e-003       -3.11057e-002       -3.27242e-004
       7.82534e-003       -3.08335e-002       -4.94599e-004
       7.83641e-003       -3.04488e-002       -6.65531e-004
       8.39147e-003       -3.58989e-002        6.37341e-004
       8.37878e-003       -3.62682e-002        4.74724e-004
       8.36558e-003       -3.65301e-002        3.14693e-004
       8.35686e-003       -3.66864e-002        1.56765e-004
       8.35388e-003       -3.67384e-002        2.31763e-010
       8.35686e-003       -3.66864e-002       -1.56765e-004
       8.36558e-003       -3.65301e-002       -3.14692e-004
       8.37877e-003       -3.62682e-002       -4.74723e-004
       8.39147e-003       -3.58989e-002       -6.37341e-004
       8.91631e-003       -4.17096e-002        6.06879e-004
       8.90245e-003       -4.20618e-002        4.52802e-004
       8.88794e-003       -4.23120e-002        3.00589e-004
       8.87826e-003       -4.24616e-002        1.49880e-004
       8.87494e-003       -4.25113e-002       -2.44336e-010
       8.87826e-003       -4.24616e-002       -1.49880e-004
       8.88794e-003       -4.23120e-002       -3.00590e-004
       8.90245e-003       -4.20618e-002       -4.52803e-004
       8.91631e-003       -4.17096e-002       -6.06879e-004
       9.41100e-003       -4.78605e-002        5.74791e-004
       9.39631e-003       -4.81944e-002        4.29417e-004
       9.38086e-003       -4.84321e-002        2.85375e-004
       9.37050e-003       -4.85742e-002        1.42395e-004
       9.36693e-003       -4.86216e-002       -6.54248e-010
       9.37050e-003       -4.85742e-002       -1.42396e-004
       9.38086e-003       -4.84321e-002       -2.85377e-004
       9.39630e-003       -4.81944e-002       -4.29419e-004
       9.41100e-003       -4.78605e-002       -5.74792e-004
       9.87559e-003       -5.43314e-002        5.41557e-004
       9.86031e-003       -5.46463e-002        4.05001e-004
       9.84421e-003       -5.48707e-002        2.69378e-004
       9.83337e-003       -5.50050e-002        1.34487e-004
       9.82964e-003       -5.50497e-002       -1.00409e-009
       9.83337e-003       -5.50050e-002       -1.34489e-004
       9.84421e-003       -5.48707e-002       -2.69380e-004
       9.86031e-003       -5.46463e-002       -4.05003e-004
       9.87559e-003       -5.43314e-002       -5.41559e-004
       1.03101e-002       -6.11022e-002        5.07536e-004
       1.02944e-002       -6.13976e-002        3.79878e-004
       1.02779e-002       -6.16082e-002        2.52844e-004
       1.02667e-002       -6.17343e-002        1.26290e-004
       1.02629e-002       -6.17764e-002       -1.30657e-009
       1.02667e-002       -6.17343e-002       -1.26293e-004
       1.02779e-002       -6.16082e-002       -2.52847e-004
       1.02944e-002       -6.13976e-002       -3.79880e-004
       1.03101e-002       -6.11022e-002       -5.07539e-004
       1.07146e-002       -6.81528e-002        4.73006e-004
       1.06987e-002       -6.84282e-002        3.54296e-004
       1.06819e-002       -6.86248e-002        2.35964e-004
       1.06705e-002       -6.87426e-002        1.17907e-004
       1.06666e-002       -6.87818e-002       -1.57214e-009
       1.06705e-002       -6.87426e-002       -1.17910e-004
       1.06819e-002       -6.86247e-002       -2.35967e-004
       1.06987e-002       -6.84282e-002       -3.54299e-004
       1.07146e-002       -6.81528e-002       -4.73009e-004
       1.10891e-002       -7.54631e-002        4.38188e-004
       1.10730e-002       -7.57184e-002        3.28457e-004
       1.10561e-002       -7.59007e-002        2.18889e-004
       1.10446e-002       -7.60100e-002        1.09418e-004
       1.10407e-002       -7.60464e-002       -1.80143e-009
       1.10446e-002       -7.60100e-002       -1.09422e-004
       1.10561e-002       -7.59007e-002       -2.18893e-004
       1.10730e-002       -7.57184e-002       -3.28461e-004
       1.10891e-002       -7.54631e-002       -4.38192e-004
       1.14335e-002       -8.30131e-002        4.03274e-004
       1.14174e-002       -8.32481e-002        3.02534e-004
       1.14005e-002       -8.34161e-002        2.01751e-004
       1.13890e-002       -8.35169e-002        1.00896e-004
       1.13851e-002       -8.35505e-002       -1.98082e-009
       1.13890e-002       -8.35169e-002       -1.00900e-004
       1.14005e-002       -8.34161e-002       -2.01755e-004
       1.14174e-002       -8.32481e-002       -3.02538e-004
       1.14335e-002       -8.30131e-002       -4.03278e-004
       1.17479e-002       -9.07826e-002        3.68440e-004
       1.17319e-002       -9.09975e-002        2.76685e-004
       1.17151e-002       -9.11512e-002        1.84671e-004
       1.17038e-002       -9.12435e-002        9.24054e-005
       1.16999e-002       -9.12743e-002       -2.08243e-009
       1.17038e-002       -9.12435e-002       -9.24096e-005
       1.17151e-002       -9.11512e-002       -1.84675e-004
       1.17319e-002       -9.09975e-002       -2.76690e-004
       1.17479e-002       -9.07826e-002       -3.68445e-004
       1.20322e-002       -9.87518e-002        3.33863e-004
       1.20165e-002       -9.89466e-002        2.51072e-004
       1.20000e-002       -9.90861e-002        1.67770e-004
       1.19889e-002       -9.91700e-002        8.40123e-005
       1.19851e-002       -9.91980e-002       -2.06864e-009
       1.19889e-002       -9.91700e-002       -8.40164e-005
       1.20000e-002       -9.90861e-002       -1.67775e-004
       1.20165e-002       -9.89466e-002       -2.51076e-004
       1.20322e-002       -9.87518e-002       -3.33867e-004
       1.22864e-002       -1.06900e-001        2.99730e-004
       1.22712e-002       -1.07075e-001        2.25862e-004
       1.22552e-002       -1.07201e-001        1.51178e-004
       1.22445e-002       -1.07277e-001        7.57852e-005
       1.22408e-002       -1.07302e-001       -1.90010e-009
       1.22445e-002       -1.07277e-001       -7.57890e-005
       1.22552e-002       -1.07201e-001       -1.51182e-004
       1.22712e-002       -1.07075e-001       -2.25866e-004
       1.22864e-002       -1.06900e-001       -2.99734e-004
       1.25105e-002       -1.15208e-001        2.66249e-004
       1.24960e-002       -1.15364e-001        2.01244e-004
       1.24808e-002       -1.15476e-001        1.35032e-004
       1.24706e-002       -1.15544e-001        6.77967e-005
       1.24671e-002       -1.15567e-001       -1.54521e-009
       1.24706e-002       -1.15544e-001       -6.77998e-005
       1.24808e-002       -1.15476e-001       -1.35035e-004
       1.24960e-002       -1.15364e-001       -2.01248e-004
       1.25105e-002       -1.15208e-001       -2.66253e-004
       1.27043e-002       -1.23656e-001        2.33662e-004
       1.26909e-002       -1.23793e-001        1.77426e-004
       1.26768e-002       -1.23892e-001        1.19478e-004
       1.26674e-002       -1.23952e-001        6.01209e-005
       1.26641e-002       -1.23972e-001       -9.89116e-010
       1.26674e-002       -1.23952e-001       -6.01229e-005
       1.26768e-002       -1.23892e-001       -1.19480e-004
       1.26909e-002       -1.23793e-001       -1.77429e-004
       1.27044e-002       -1.23656e-001       -2.33665e-004
       1.28679e-002       -1.32222e-001        2.02256e-004
       1.28560e-002       -1.32342e-001        1.54631e-004
       1.28434e-002       -1.32429e-001        1.04654e-004
       1.28350e-002       -1.32482e-001        5.28198e-005
       1.28321e-002       -1.32500e-001       -2.39161e-010
       1.28350e-002       -1.32482e-001       -5.28204e-005
       1.28434e-002       -1.32429e-001       -1.04654e-004
       1.28560e-002       -1.32342e-001       -1.54632e-004
       1.28679e-002       -1.32222e-001       -2.02257e-004
       1.30011e-002       -1.40888e-001        1.72374e-004
       1.29914e-002       -1.40991e-001        1.33052e-004
       1.29807e-002       -1.41067e-001        9.06491e-005
       1.29735e-002       -1.41114e-001        4.59275e-005
       1.29710e-002       -1.41129e-001        6.72196e-010
       1.29735e-002       -1.41114e-001       -4.59262e-005
       1.29807e-002       -1.41067e-001       -9.06479e-005
       1.29914e-002       -1.40991e-001       -1.33051e-004
       1.30011e-002       -1.40888e-001       -1.72374e-004
       1.31045e-002       -1.49631e-001        1.44329e-004
       1.30978e-002       -1.49720e-001        1.12753e-004
       1.30893e-002       -1.49786e-001        7.74642e-005
       1.30833e-002       -1.49828e-001        3.94700e-005
       1.30812e-002       -1.49842e-001        1.68671e-009
       1.30833e-002       -1.49828e-001       -3.94667e-005
       1.30893e-002       -1.49786e-001       -7.74610e-005
       1.30978e-002       -1.49720e-001       -1.12750e-004
       1.31045e-002       -1.49631e-001       -1.44326e-004
       1.31817e-002       -1.58433e-001        1.17981e-004
       1.31785e-002       -1.58510e-001        9.34394e-005
       1.31720e-002       -1.58569e-001        6.52373e-005
       1.31672e-002       -1.58606e-001        3.36135e-005
       1.31655e-002       -1.58619e-001        2.70070e-009
       1.31672e-002       -1.58606e-001       -3.36082e-005
       1.31720e-002       -1.58569e-001       -6.52322e-005
       1.31785e-002       -1.58510e-001       -9.34348e-005
       1.31817e-002       -1.58433e-001       -1.17977e-004
       1.32392e-002       -1.67275e-001        9.06863e-005
       1.32381e-002       -1.67343e-001        7.57531e-005
       1.32334e-002       -1.67397e-001        5.51138e-005
       1.32298e-002       -1.67431e-001        2.89970e-005
       1.32285e-002       -1.67442e-001        3.49696e-009
       1.32298e-002       -1.67431e-001       -2.89901e-005
       1.32334e-002       -1.67397e-001       -5.51073e-005
       1.32381e-002       -1.67343e-001       -7.57471e-005
       1.32392e-002       -1.67275e-001       -9.06806e-005
       4.37399e-003       -1.76077e-001       -1.51072e-005
      -4.42062e-003       -1.76036e-001       -6.30457e-005
       4.36760e-003       -1.67200e-001        1.97800e-005
      -4.41520e-003       -1.67197e-001       -5.43788e-005
       4.36651e-003       -1.58331e-001        3.97924e-005
      -4.39300e-003       -1.58338e-001       -5.29365e-005
       4.34726e-003       -1.49506e-001        5.55889e-005
      -4.36106e-003       -1.49509e-001       -5.91289e-005
       4.31477e-003       -1.40736e-001        6.92064e-005
      -4.32267e-003       -1.40737e-001       -6.91864e-005
       4.27109e-003       -1.32043e-001        8.26550e-005
      -4.27582e-003       -1.32043e-001       -8.13444e-005
       4.21696e-003       -1.23446e-001        9.62607e-005
      -4.21970e-003       -1.23447e-001       -9.45992e-005
       4.15256e-003       -1.14968e-001        1.10105e-004
      -4.15402e-003       -1.14969e-001       -1.08527e-004
       4.07798e-003       -1.06629e-001        1.24175e-004
      -4.07865e-003       -1.06629e-001       -1.22866e-004
       3.99328e-003       -9.84484e-002        1.38440e-004
      -3.99350e-003       -9.84484e-002       -1.37445e-004
       3.89851e-003       -9.04471e-002        1.52856e-004
      -3.89851e-003       -9.04471e-002       -1.52148e-004
       3.79372e-003       -8.26453e-002        1.67373e-004
      -3.79362e-003       -8.26453e-002       -1.66897e-004
       3.67892e-003       -7.50630e-002        1.81934e-004
      -3.67880e-003       -7.50630e-002       -1.81630e-004
       3.55415e-003       -6.77204e-002        1.96478e-004
      -3.55403e-003       -6.77204e-002       -1.96296e-004
       3.41941e-003       -6.06379e-002        2.10939e-004
      -3.41931e-003       -6.06379e-002       -2.10837e-004
       3.27471e-003       -5.38354e-002        2.25239e-004
      -3.27463e-003       -5.38354e-002       -2.25186e-004
       3.12006e-003       -4.73334e-002        2.39282e-004
      -3.12001e-003       -4.73334e-002       -2.39259e-004
       2.95548e-003       -4.11523e-002        2.52946e-004
      -2.95544e-003       -4.11522e-002       -2.52937e-004
       2.78098e-003       -3.53124e-002        2.66067e-004
      -2.78096e-003       -3.53124e-002       -2.66067e-004
       2.59659e-003       -2.98347e-002        2.78429e-004
      -2.59658e-003       -2.98347e-002       -2.78433e-004
       2.40235e-003       -2.47400e-002        2.89738e-004
      -2.40234e-003       -2.47400e-002       -2.89743e-004
       2.19831e-003       -2.00498e-002        2.99594e-004
      -2.19830e-003       -2.00498e-002       -2.99598e-004
       1.98456e-003       -1.57859e-002        3.07460e-004
      -1.98456e-003       -1.57859e-002       -3.07463e-004
       1.76130e-003       -1.19710e-002        3.12616e-004
      -1.76130e-003       -1.19710e-002       -3.12619e-004
       1.52884e-003       -8.62844e-003        3.14110e-004
      -1.52884e-003       -8.62844e-003       -3.14113e-004
       1.28789e-003       -5.78302e-003        3.10664e-004
      -1.28789e-003       -5.78303e-003       -3.10666e-004
       1.04001e-003       -3.46094e-003        3.00501e-004
      -1.04001e-003       -3.46094e-003       -3.00504e-004
       7.88302e-004       -1.69038e-003        2.80485e-004
      -7.88302e-004       -1.69038e-003       -2.80488e-004
       5.40484e-004       -5.02357e-004        2.44870e-004
      -5.40485e-004       -5.02357e-004       -2.44873e-004
       2.79076e-004        9.24582e-005        1.79009e-004
      -2.79076e-004        9.24582e-005       -1.79010e-004
      -4.41299e-003       -1.76104e-001       -5.33004e-005
       4.39592e-003       -1.76147e-001        3.39046e-006
      -4.40786e-003       -1.76172e-001       -4.16890e-005
       4.40139e-003       -1.76214e-001        1.10234e-005
      -4.40451e-003       -1.76225e-001       -2.87168e-005
       4.40234e-003       -1.76266e-001        1.07502e-005
      -4.40266e-003       -1.76258e-001       -1.46701e-005
       4.40229e-003       -1.76299e-001        6.26547e-006
      -4.40206e-003       -1.76270e-001       -8.64860e-010
       4.40220e-003       -1.76310e-001        8.54303e-010
      -4.40266e-003       -1.76258e-001        1.46684e-005
       4.40229e-003       -1.76299e-001       -6.26378e-006
      -4.40451e-003       -1.76225e-001        2.87151e-005
       4.40234e-003       -1.76266e-001       -1.07485e-005
      -4.40787e-003       -1.76172e-001        4.16872e-005
       4.40140e-003       -1.76214e-001       -1.10217e-005
      -4.41299e-003       -1.76104e-001        5.32986e-005
       4.39592e-003       -1.76147e-001       -3.38858e-006
       0.00000e+000        0.00000e+000        0.00000e+000
       0.00000e+000        0.00000e+000        0.00000e+000
       0.00000e+000        0.00000e+000        0.00000e+000
       0.00000e+000        0.00000e+000        0.00000e+000
       0.00000e+000        0.00000e+000        0.00000e+000
       0.00000e+000        0.00000e+000        0.00000e+000
       0.00000e+000        0.00000e+000        0.00000e+000
       0.00000e+000        0.00000e+000        0.00000e+000
       0.00000e+000        0.00000e+000        0.00000e+000
       0.00000e+000        0.00000e+000        0.00000e+000
       0.00000e+000        0.00000e+000        0.00000e+000
       0.00000e+000        0.00000e+000        0.00000e+000
       0.00000e+000        0.00000e+000        0.00000e+000
       0.00000e+000        0.00000e+000        0.00000e+000
       0.00000e+000        0.00000e+000        0.00000e+000
       0.00000e+000        0.00000e+000        0.00000e+000
       0.00000e+000        0.00000e+000        0.00000e+000
       0.00000e+000        0.00000e+000        0.00000e+000
       0.00000e+000        0.00000e+000        0.00000e+000
       0.00000e+000        0.00000e+000        0.00000e+000
       0.00000e+000        0.00000e+000        0.00000e+000
       0.00000e+000        0.00000e+000        0.00000e+000
       0.00000e+000        0.00000e+000        0.00000e+000
       0.00000e+000        0.00000e+000        0.00000e+000
       0.00000e+000        0.00000e+000        0.00000e+000
       0.00000e+000        0.00000e+000        0.00000e+000
       0.00000e+000        0.00000e+000        0.00000e+000
       0.00000e+000        0.00000e+000        0.00000e+000
       0.00000e+000        0.00000e+000        0.00000e+000
       0.00000e+000        0.00000e+000        0.00000e+000
       0.00000e+000        0.00000e+000        0.00000e+000
       0.00000e+000        0.00000e+000        0.00000e+000
      -2.21202e-004       -1.46058e-004       -1.06797e-004
       2.21203e-004       -1.46058e-004        1.06795e-004
      -2.26271e-004       -2.45489e-004       -6.80626e-005
       2.26271e-004       -2.45489e-004        6.80616e-005
      -2.34013e-004       -2.93011e-004       -4.08436e-005
       2.34013e-004       -2.93011e-004        4.08429e-005
      -2.39377e-004       -3.14113e-004       -1.90023e-005
       2.39377e-004       -3.14114e-004        1.90020e-005
      -2.41200e-004       -3.20121e-004       -2.99659e-010
       2.41200e-004       -3.20122e-004        2.96613e-010
      -2.39377e-004       -3.14114e-004        1.90017e-005
       2.39377e-004       -3.14114e-004       -1.90014e-005
      -2.34014e-004       -2.93013e-004        4.08430e-005
       2.34014e-004       -2.93013e-004       -4.08423e-005
      -2.26272e-004       -2.45491e-004        6.80621e-005
       2.26271e-004       -2.45491e-004       -6.80610e-005
      -2.21203e-004       -1.46061e-004        1.06796e-004
       2.21203e-004       -1.46061e-004       -1.06795e-004
      -5.05823e-004       -8.74347e-004       -1.75142e-004
       5.05823e-004       -8.74347e-004        1.75139e-004
      -5.09433e-004       -1.08884e-003       -1.13560e-004
       5.09432e-004       -1.08884e-003        1.13559e-004
      -5.23027e-004       -1.20478e-003       -6.79101e-005
       5.23027e-004       -1.20478e-003        6.79087e-005
      -5.32167e-004       -1.26233e-003       -3.17518e-005
       5.32167e-004       -1.26233e-003        3.17513e-005
      -5.35337e-004       -1.27967e-003       -5.10675e-010
       5.35337e-004       -1.27967e-003        5.04514e-010
      -5.32167e-004       -1.26233e-003        3.17508e-005
       5.32167e-004       -1.26233e-003       -3.17502e-005
      -5.23028e-004       -1.20478e-003        6.79091e-005
       5.23028e-004       -1.20478e-003       -6.79077e-005
      -5.09433e-004       -1.08885e-003        1.13559e-004
       5.09433e-004       -1.08885e-003       -1.13558e-004
      -5.05824e-004       -8.74354e-004        1.75141e-004
       5.05823e-004       -8.74354e-004       -1.75138e-004
      -7.71899e-004       -2.14911e-003       -2.07894e-004
       7.71899e-004       -2.14911e-003        2.07892e-004
      -7.77055e-004       -2.44444e-003       -1.41743e-004
       7.77054e-004       -2.44444e-003        1.41741e-004
      -7.88863e-004       -2.62228e-003       -8.66069e-005
       7.88862e-004       -2.62228e-003        8.66052e-005
      -7.97873e-004       -2.71593e-003       -4.09403e-005
       7.97872e-004       -2.71593e-003        4.09394e-005
      -8.01055e-004       -2.74510e-003       -6.78719e-010
       8.01055e-004       -2.74510e-003        6.69494e-010
      -7.97873e-004       -2.71593e-003        4.09390e-005
       7.97872e-004       -2.71593e-003       -4.09380e-005
      -7.88863e-004       -2.62229e-003        8.66055e-005
       7.88863e-004       -2.62229e-003       -8.66038e-005
      -7.77056e-004       -2.44445e-003        1.41742e-004
       7.77055e-004       -2.44445e-003       -1.41739e-004
      -7.71900e-004       -2.14912e-003        2.07893e-004
       7.71900e-004       -2.14912e-003       -2.07890e-004
      -1.03206e-003       -3.97039e-003       -2.27633e-004
       1.03206e-003       -3.97039e-003        2.27630e-004
      -1.03734e-003       -4.32113e-003       -1.59519e-004
       1.03734e-003       -4.32113e-003        1.59517e-004
      -1.04651e-003       -4.54513e-003       -9.99492e-005
       1.04651e-003       -4.54513e-003        9.99474e-005
      -1.05364e-003       -4.66860e-003       -4.79020e-005
       1.05364e-003       -4.66860e-003        4.79009e-005
      -1.05626e-003       -4.70789e-003       -8.14022e-010
       1.05626e-003       -4.70789e-003        8.01987e-010
      -1.05364e-003       -4.66860e-003        4.79004e-005
       1.05364e-003       -4.66860e-003       -4.78993e-005
      -1.04651e-003       -4.54514e-003        9.99475e-005
       1.04651e-003       -4.54514e-003       -9.99458e-005
      -1.03734e-003       -4.32114e-003        1.59517e-004
       1.03734e-003       -4.32114e-003       -1.59515e-004
      -1.03206e-003       -3.97040e-003        2.27631e-004
       1.03206e-003       -3.97040e-003       -2.27628e-004
      -1.28491e-003       -6.32090e-003       -2.38976e-004
       1.28491e-003       -6.32090e-003        2.38973e-004
      -1.28902e-003       -6.70632e-003       -1.70674e-004
       1.28902e-003       -6.70632e-003        1.70671e-004
      -1.29535e-003       -6.96183e-003       -1.08815e-004
       1.29535e-003       -6.96183e-003        1.08814e-004
      -1.30032e-003       -7.10670e-003       -5.27815e-005
       1.30032e-003       -7.10670e-003        5.27805e-005
      -1.30217e-003       -7.15354e-003       -8.98568e-010
       1.30217e-003       -7.15354e-003        8.84188e-010
      -1.30032e-003       -7.10670e-003        5.27797e-005
       1.30032e-003       -7.10670e-003       -5.27787e-005
      -1.29535e-003       -6.96184e-003        1.08814e-004
       1.29535e-003       -6.96184e-003       -1.08812e-004
      -1.28902e-003       -6.70633e-003        1.70672e-004
       1.28902e-003       -6.70633e-003       -1.70670e-004
      -1.28491e-003       -6.32092e-003        2.38974e-004
       1.28491e-003       -6.32092e-003       -2.38971e-004
      -1.52904e-003       -9.17942e-003       -2.44341e-004
       1.52904e-003       -9.17942e-003        2.44338e-004
      -1.53172e-003       -9.58430e-003       -1.76854e-004
       1.53171e-003       -9.58430e-003        1.76851e-004
      -1.53541e-003       -9.85911e-003       -1.14153e-004
       1.53541e-003       -9.85911e-003        1.14151e-004
      -1.53838e-003       -1.00178e-002       -5.58424e-005
       1.53838e-003       -1.00178e-002        5.58415e-005
      -1.53951e-003       -1.00696e-002       -9.19370e-010
       1.53951e-003       -1.00696e-002        9.03294e-010
      -1.53838e-003       -1.00178e-002        5.58406e-005
       1.53838e-003       -1.00178e-002       -5.58397e-005
      -1.53541e-003       -9.85912e-003        1.14151e-004
       1.53541e-003       -9.85912e-003       -1.14150e-004
      -1.53171e-003       -9.58431e-003        1.76852e-004
       1.53171e-003       -9.58431e-003       -1.76849e-004
      -1.52904e-003       -9.17943e-003        2.44339e-004
       1.52904e-003       -9.17943e-003       -2.44336e-004
      -1.76371e-003       -1.25241e-002       -2.45181e-004
       1.76371e-003       -1.25241e-002        2.45178e-004
      -1.76508e-003       -1.29373e-002       -1.79177e-004
       1.76507e-003       -1.29373e-002        1.79174e-004
      -1.76656e-003       -1.32220e-002       -1.16667e-004
       1.76656e-003       -1.32220e-002        1.16665e-004
      -1.76786e-003       -1.33885e-002       -5.74161e-005
       1.76785e-003       -1.33885e-002        5.74149e-005
      -1.76837e-003       -1.34432e-002       -8.73856e-010
       1.76837e-003       -1.34432e-002        8.56871e-010
      -1.76786e-003       -1.33885e-002        5.74144e-005
       1.76785e-003       -1.33885e-002       -5.74132e-005
      -1.76656e-003       -1.32221e-002        1.16666e-004
       1.76655e-003       -1.32221e-002       -1.16664e-004
      -1.76508e-003       -1.29373e-002        1.79175e-004
       1.76507e-003       -1.29373e-002       -1.79172e-004
      -1.76371e-003       -1.25241e-002        2.45179e-004
       1.76371e-003       -1.25241e-002       -2.45176e-004
      -1.98858e-003       -1.63331e-002       -2.42592e-004
       1.98858e-003       -1.63331e-002        2.42588e-004
      -1.98887e-003       -1.67465e-002       -1.78526e-004
       1.98887e-003       -1.67465e-002        1.78523e-004
      -1.98860e-003       -1.70343e-002       -1.16974e-004
       1.98860e-003       -1.70343e-002        1.16972e-004
      -1.98858e-003       -1.72039e-002       -5.78129e-005
       1.98857e-003       -1.72039e-002        5.78115e-005
      -1.98861e-003       -1.72598e-002       -7.69733e-010
       1.98860e-003       -1.72598e-002        7.52701e-010
      -1.98857e-003       -1.72039e-002        5.78113e-005
       1.98857e-003       -1.72039e-002       -5.78100e-005
      -1.98860e-003       -1.70344e-002        1.16972e-004
       1.98860e-003       -1.70344e-002       -1.16970e-004
      -1.98887e-003       -1.67465e-002        1.78525e-004
       1.98887e-003       -1.67465e-002       -1.78521e-004
      -1.98858e-003       -1.63331e-002        2.42590e-004
       1.98858e-003       -1.63331e-002       -2.42587e-004
      -2.20348e-003       -2.05852e-002       -2.37434e-004
       2.20348e-003       -2.05852e-002        2.37429e-004
      -2.20294e-003       -2.09929e-002       -1.75622e-004
       2.20294e-003       -2.09929e-002        1.75618e-004
      -2.20135e-003       -2.12787e-002       -1.15593e-004
       2.20134e-003       -2.12787e-002        1.15589e-004
      -2.20031e-003       -2.14480e-002       -5.73054e-005
       2.20030e-003       -2.14480e-002        5.73032e-005
      -2.19997e-003       -2.15040e-002       -6.21950e-010
       2.19996e-003       -2.15040e-002        6.05751e-010
      -2.20031e-003       -2.14480e-002        5.73042e-005
       2.20030e-003       -2.14480e-002       -5.73020e-005
      -2.20135e-003       -2.12787e-002        1.15592e-004
       2.20134e-003       -2.12787e-002       -1.15588e-004
      -2.20294e-003       -2.09929e-002        1.75621e-004
       2.20294e-003       -2.09929e-002       -1.75616e-004
      -2.20348e-003       -2.05852e-002        2.37433e-004
       2.20348e-003       -2.05852e-002       -2.37428e-004
      -2.40836e-003       -2.52594e-002       -2.30374e-004
       2.40836e-003       -2.52594e-002        2.30368e-004
      -2.40721e-003       -2.56571e-002       -1.71038e-004
       2.40721e-003       -2.56571e-002        1.71031e-004
      -2.40463e-003       -2.59372e-002       -1.12946e-004
       2.40462e-003       -2.59372e-002        1.12942e-004
      -2.40283e-003       -2.61037e-002       -5.61172e-005
       2.40282e-003       -2.61037e-002        5.61145e-005
      -2.40221e-003       -2.61589e-002       -4.48768e-010
       2.40220e-003       -2.61589e-002        4.34245e-010
      -2.40283e-003       -2.61037e-002        5.61163e-005
       2.40282e-003       -2.61037e-002       -5.61136e-005
      -2.40463e-003       -2.59372e-002        1.12946e-004
       2.40462e-003       -2.59372e-002       -1.12941e-004
      -2.40721e-003       -2.56571e-002        1.71037e-004
       2.40721e-003       -2.56571e-002       -1.71031e-004
      -2.40836e-003       -2.52594e-002        2.30373e-004
       2.40836e-003       -2.52594e-002       -2.30367e-004
      -2.60321e-003       -3.03349e-002       -2.21918e-004
       2.60322e-003       -3.03349e-002        2.21912e-004
      -2.60161e-003       -3.07194e-002       -1.65214e-004
       2.60161e-003       -3.07194e-002        1.65208e-004
      -2.59830e-003       -3.09913e-002       -1.09365e-004
       2.59829e-003       -3.09913e-002        1.09360e-004
      -2.59595e-003       -3.11533e-002       -5.44254e-005
       2.59594e-003       -3.11533e-002        5.44225e-005
      -2.59513e-003       -3.12070e-002       -2.67925e-010
       2.59512e-003       -3.12070e-002        2.55828e-010
      -2.59595e-003       -3.11533e-002        5.44249e-005
       2.59594e-003       -3.11533e-002       -5.44220e-005
      -2.59830e-003       -3.09913e-002        1.09364e-004
       2.59829e-003       -3.09913e-002       -1.09359e-004
      -2.60161e-003       -3.07194e-002        1.65214e-004
       2.60161e-003       -3.07194e-002       -1.65207e-004
      -2.60321e-003       -3.03349e-002        2.21918e-004
       2.60322e-003       -3.03349e-002       -2.21912e-004
      -2.78804e-003       -3.57912e-002       -2.12445e-004
       2.78805e-003       -3.57912e-002        2.12443e-004
      -2.78611e-003       -3.61604e-002       -1.58486e-004
       2.78611e-003       -3.61604e-002        1.58483e-004
      -2.78227e-003       -3.64220e-002       -1.05099e-004
       2.78227e-003       -3.64220e-002        1.05096e-004
      -2.77952e-003       -3.65782e-002       -5.23648e-005
       2.77950e-003       -3.65782e-002        5.23628e-005
      -2.77855e-003       -3.66301e-002       -9.36416e-011
       2.77853e-003       -3.66301e-002        8.45783e-011
      -2.77952e-003       -3.65782e-002        5.23646e-005
       2.77950e-003       -3.65782e-002       -5.23626e-005
      -2.78227e-003       -3.64220e-002        1.05099e-004
       2.78226e-003       -3.64220e-002       -1.05096e-004
      -2.78611e-003       -3.61604e-002        1.58486e-004
       2.78611e-003       -3.61604e-002       -1.58483e-004
      -2.78804e-003       -3.57912e-002        2.12445e-004
       2.78805e-003       -3.57912e-002       -2.12443e-004
      -2.96285e-003       -4.16080e-002       -2.02237e-004
       2.96287e-003       -4.16080e-002        2.02241e-004
      -2.96068e-003       -4.19601e-002       -1.51103e-004
       2.96069e-003       -4.19601e-002        1.51106e-004
      -2.95647e-003       -4.22102e-002       -1.00337e-004
       2.95646e-003       -4.22102e-002        1.00338e-004
      -2.95342e-003       -4.23597e-002       -5.00362e-005
       2.95340e-003       -4.23597e-002        5.00372e-005
      -2.95235e-003       -4.24094e-002        6.50648e-011
       2.95233e-003       -4.24094e-002       -7.06621e-011
      -2.95342e-003       -4.23597e-002        5.00363e-005
       2.95340e-003       -4.23597e-002       -5.00373e-005
      -2.95647e-003       -4.22102e-002        1.00337e-004
       2.95646e-003       -4.22102e-002       -1.00338e-004
      -2.96068e-003       -4.19601e-002        1.51103e-004
       2.96069e-003       -4.19601e-002       -1.51106e-004
      -2.96285e-003       -4.16080e-002        2.02237e-004
       2.96287e-003       -4.16080e-002       -2.02242e-004
      -3.12764e-003       -4.77649e-002       -1.91498e-004
       3.12767e-003       -4.77649e-002        1.91517e-004
      -3.12532e-003       -4.80989e-002       -1.43247e-004
       3.12532e-003       -4.80989e-002        1.43263e-004
      -3.12083e-003       -4.83364e-002       -9.52162e-005
       3.12082e-003       -4.83364e-002        9.52287e-005
      -3.11758e-003       -4.84785e-002       -4.75145e-005
       3.11755e-003       -4.84785e-002        4.75214e-005
      -3.11643e-003       -4.85258e-002        2.04537e-010
       3.11640e-003       -4.85258e-002       -2.06442e-010
      -3.11758e-003       -4.84785e-002        4.75149e-005
       3.11755e-003       -4.84785e-002       -4.75219e-005
      -3.12083e-003       -4.83364e-002        9.52166e-005
       3.12081e-003       -4.83364e-002       -9.52291e-005
      -3.12531e-003       -4.80989e-002        1.43247e-004
       3.12532e-003       -4.80989e-002       -1.43263e-004
      -3.12764e-003       -4.77649e-002        1.91499e-004
       3.12767e-003       -4.77649e-002       -1.91518e-004
      -3.28244e-003       -5.42419e-002       -1.80380e-004
       3.28247e-003       -5.42419e-002        1.80427e-004
      -3.27999e-003       -5.45569e-002       -1.35052e-004
       3.28000e-003       -5.45569e-002        1.35094e-004
      -3.27532e-003       -5.47812e-002       -8.98391e-005
       3.27530e-003       -5.47812e-002        8.98722e-005
      -3.27192e-003       -5.49154e-002       -4.48542e-005
       3.27189e-003       -5.49154e-002        4.48726e-005
      -3.27072e-003       -5.49601e-002        3.25263e-010
       3.27069e-003       -5.49601e-002       -3.23472e-010
      -3.27192e-003       -5.49154e-002        4.48549e-005
       3.27189e-003       -5.49154e-002       -4.48733e-005
      -3.27532e-003       -5.47812e-002        8.98398e-005
       3.27530e-003       -5.47812e-002       -8.98729e-005
      -3.27999e-003       -5.45569e-002        1.35053e-004
       3.28000e-003       -5.45569e-002       -1.35095e-004
      -3.28244e-003       -5.42419e-002        1.80381e-004
       3.28247e-003       -5.42419e-002       -1.80428e-004
      -3.42723e-003       -6.10187e-002       -1.68994e-004
       3.42727e-003       -6.10187e-002        1.69090e-004
      -3.42471e-003       -6.13142e-002       -1.26618e-004
       3.42471e-003       -6.13142e-002        1.26706e-004
      -3.41990e-003       -6.15247e-002       -8.42800e-005
       3.41989e-003       -6.15247e-002        8.43496e-005
      -3.41641e-003       -6.16509e-002       -4.20956e-005
       3.41638e-003       -6.16508e-002        4.21343e-005
      -3.41517e-003       -6.16929e-002        4.29713e-010
       3.41514e-003       -6.16929e-002       -4.24444e-010
      -3.41641e-003       -6.16508e-002        4.20964e-005
       3.41638e-003       -6.16508e-002       -4.21352e-005
      -3.41990e-003       -6.15247e-002        8.42809e-005
       3.41989e-003       -6.15247e-002       -8.43505e-005
      -3.42471e-003       -6.13142e-002        1.26619e-004
       3.42471e-003       -6.13142e-002       -1.26707e-004
      -3.42723e-003       -6.10187e-002        1.68995e-004
       3.42727e-003       -6.10187e-002       -1.69091e-004
      -3.56203e-003       -6.80753e-002       -1.57422e-004
       3.56207e-003       -6.80753e-002        1.57599e-004
      -3.55946e-003       -6.83509e-002       -1.18017e-004
       3.55946e-003       -6.83508e-002        1.18181e-004
      -3.55457e-003       -6.85474e-002       -7.85944e-005
       3.55456e-003       -6.85473e-002        7.87241e-005
      -3.55100e-003       -6.86651e-002       -3.92686e-005
       3.55100e-003       -6.86651e-002        3.93407e-005
      -3.54974e-003       -6.87044e-002        5.19840e-010
       3.54974e-003       -6.87044e-002       -5.11521e-010
      -3.55100e-003       -6.86651e-002        3.92697e-005
       3.55100e-003       -6.86651e-002       -3.93417e-005
      -3.55457e-003       -6.85474e-002        7.85954e-005
       3.55456e-003       -6.85473e-002       -7.87251e-005
      -3.55946e-003       -6.83508e-002        1.18018e-004
       3.55946e-003       -6.83508e-002       -1.18182e-004
      -3.56203e-003       -6.80753e-002        1.57423e-004
       3.56207e-003       -6.80753e-002       -1.57600e-004
      -3.68685e-003       -7.53916e-002       -1.45728e-004
       3.68687e-003       -7.53916e-002        1.46030e-004
      -3.68425e-003       -7.56470e-002       -1.09306e-004
       3.68424e-003       -7.56470e-002        1.09587e-004
      -3.67930e-003       -7.58293e-002       -7.28246e-005
       3.67931e-003       -7.58293e-002        7.30471e-005
      -3.67568e-003       -7.59386e-002       -3.63958e-005
       3.67573e-003       -7.59386e-002        3.65196e-005
      -3.67440e-003       -7.59751e-002        5.94926e-010
       3.67446e-003       -7.59751e-002       -5.84173e-010
      -3.67568e-003       -7.59386e-002        3.63970e-005
       3.67573e-003       -7.59386e-002       -3.65208e-005
      -3.67930e-003       -7.58293e-002        7.28258e-005
       3.67931e-003       -7.58293e-002       -7.30483e-005
      -3.68425e-003       -7.56470e-002        1.09307e-004
       3.68424e-003       -7.56470e-002       -1.09589e-004
      -3.68685e-003       -7.53916e-002        1.45729e-004
       3.68687e-003       -7.53916e-002       -1.46031e-004
      -3.80169e-003       -8.29476e-002       -1.33964e-004
       3.80166e-003       -8.29476e-002        1.34448e-004
      -3.79906e-003       -8.31828e-002       -1.00530e-004
       3.79904e-003       -8.31828e-002        1.00985e-004
      -3.79408e-003       -8.33508e-002       -6.70048e-005
       3.79413e-003       -8.33507e-002        6.73648e-005
      -3.79043e-003       -8.34516e-002       -3.34959e-005
       3.79057e-003       -8.34516e-002        3.36959e-005
      -3.78914e-003       -8.34852e-002        6.50356e-010
       3.78931e-003       -8.34852e-002       -6.37929e-010
      -3.79043e-003       -8.34516e-002        3.34972e-005
       3.79057e-003       -8.34516e-002       -3.36972e-005
      -3.79408e-003       -8.33508e-002        6.70061e-005
       3.79413e-003       -8.33507e-002       -6.73661e-005
      -3.79906e-003       -8.31828e-002        1.00531e-004
       3.79904e-003       -8.31828e-002       -1.00986e-004
      -3.80169e-003       -8.29476e-002        1.33966e-004
       3.80166e-003       -8.29476e-002       -1.34449e-004
      -3.90656e-003       -9.07232e-002       -1.22180e-004
       3.90643e-003       -9.07232e-002        1.22914e-004
      -3.90391e-003       -9.09382e-002       -9.17331e-005
       3.90387e-003       -9.09382e-002        9.24288e-005
      -3.89890e-003       -9.10919e-002       -6.11676e-005
       3.89904e-003       -9.10919e-002        6.17186e-005
      -3.89523e-003       -9.11842e-002       -3.05864e-005
       3.89554e-003       -9.11842e-002        3.08919e-005
      -3.89393e-003       -9.12150e-002        6.77631e-010
       3.89430e-003       -9.12150e-002       -6.64405e-010
      -3.89523e-003       -9.11842e-002        3.05878e-005
       3.89554e-003       -9.11842e-002       -3.08932e-005
      -3.89890e-003       -9.10919e-002        6.11689e-005
       3.89904e-003       -9.10919e-002       -6.17200e-005
      -3.90391e-003       -9.09382e-002        9.17345e-005
       3.90387e-003       -9.09381e-002       -9.24302e-005
      -3.90656e-003       -9.07232e-002        1.22182e-004
       3.90643e-003       -9.07231e-002       -1.22916e-004
      -4.00148e-003       -9.86984e-002       -1.10431e-004
       4.00117e-003       -9.86983e-002        1.11486e-004
      -3.99880e-003       -9.88933e-002       -8.29628e-005
       3.99872e-003       -9.88933e-002        8.39706e-005
      -3.99375e-003       -9.90329e-002       -5.53488e-005
       3.99404e-003       -9.90329e-002        5.61483e-005
      -3.99006e-003       -9.91168e-002       -2.76864e-005
       3.99066e-003       -9.91168e-002        2.81293e-005
      -3.98875e-003       -9.91448e-002        6.65712e-010
       3.98947e-003       -9.91447e-002       -6.52589e-010
      -3.99006e-003       -9.91168e-002        2.76877e-005
       3.99066e-003       -9.91168e-002       -2.81306e-005
      -3.99375e-003       -9.90329e-002        5.53502e-005
       3.99404e-003       -9.90328e-002       -5.61496e-005
      -3.99880e-003       -9.88933e-002        8.29642e-005
       3.99872e-003       -9.88933e-002       -8.39720e-005
      -4.00148e-003       -9.86983e-002        1.10433e-004
       4.00117e-003       -9.86983e-002       -1.11487e-004
      -4.08648e-003       -1.06853e-001       -9.87892e-005
       4.08584e-003       -1.06853e-001        1.00216e-004
      -4.08373e-003       -1.07028e-001       -7.42825e-005
       4.08359e-003       -1.07028e-001        7.56585e-005
      -4.07864e-003       -1.07154e-001       -4.95973e-005
       4.07916e-003       -1.07154e-001        5.06893e-005
      -4.07492e-003       -1.07230e-001       -2.48229e-005
       4.07596e-003       -1.07230e-001        2.54265e-005
      -4.07359e-003       -1.07255e-001        6.03287e-010
       4.07484e-003       -1.07255e-001       -5.91200e-010
      -4.07492e-003       -1.07230e-001        2.48241e-005
       4.07596e-003       -1.07230e-001       -2.54277e-005
      -4.07864e-003       -1.07154e-001        4.95986e-005
       4.07916e-003       -1.07154e-001       -5.06905e-005
      -4.08373e-003       -1.07028e-001        7.42838e-005
       4.08359e-003       -1.07028e-001       -7.56598e-005
      -4.08648e-003       -1.06853e-001        9.87906e-005
       4.08584e-003       -1.06853e-001       -1.00217e-004
      -4.16159e-003       -1.15167e-001       -8.73624e-005
       4.16042e-003       -1.15167e-001        8.91479e-005
      -4.15870e-003       -1.15323e-001       -6.57891e-005
       4.15848e-003       -1.15323e-001        6.75304e-005
      -4.15355e-003       -1.15435e-001       -4.39887e-005
       4.15443e-003       -1.15435e-001        4.53678e-005
      -4.14979e-003       -1.15503e-001       -2.20377e-005
       4.15151e-003       -1.15503e-001        2.27963e-005
      -4.14845e-003       -1.15526e-001        4.81624e-010
       4.15049e-003       -1.15526e-001       -4.71338e-010
      -4.14979e-003       -1.15503e-001        2.20387e-005
       4.15151e-003       -1.15503e-001       -2.27972e-005
      -4.15355e-003       -1.15435e-001        4.39898e-005
       4.15443e-003       -1.15435e-001       -4.53688e-005
      -4.15870e-003       -1.15323e-001        6.57902e-005
       4.15849e-003       -1.15323e-001       -6.75315e-005
      -4.16159e-003       -1.15167e-001        8.73636e-005
       4.16042e-003       -1.15167e-001       -8.91491e-005
      -4.22683e-003       -1.23621e-001       -7.63147e-005
       4.22487e-003       -1.23621e-001        7.83128e-005
      -4.22373e-003       -1.23758e-001       -5.76345e-005
       4.22343e-003       -1.23758e-001        5.96055e-005
      -4.21847e-003       -1.23857e-001       -3.86453e-005
       4.21992e-003       -1.23857e-001        4.01891e-005
      -4.21467e-003       -1.23917e-001       -1.94008e-005
       4.21737e-003       -1.23917e-001        2.02372e-005
      -4.21333e-003       -1.23937e-001        2.96899e-010
       4.21647e-003       -1.23937e-001       -2.89209e-010
      -4.21467e-003       -1.23917e-001        1.94014e-005
       4.21737e-003       -1.23917e-001       -2.02378e-005
      -4.21847e-003       -1.23857e-001        3.86460e-005
       4.21992e-003       -1.23857e-001       -4.01898e-005
      -4.22373e-003       -1.23758e-001        5.76352e-005
       4.22343e-003       -1.23758e-001       -5.96062e-005
      -4.22683e-003       -1.23621e-001        7.63156e-005
       4.22487e-003       -1.23621e-001       -7.83136e-005
      -4.28223e-003       -1.32193e-001       -6.59041e-005
       4.27918e-003       -1.32193e-001        6.77048e-005
      -4.27877e-003       -1.32313e-001       -5.00687e-005
       4.27847e-003       -1.32313e-001        5.18549e-005
      -4.27339e-003       -1.32400e-001       -3.37736e-005
       4.27568e-003       -1.32400e-001        3.51091e-005
      -4.26958e-003       -1.32453e-001       -1.70295e-005
       4.27359e-003       -1.32453e-001        1.77173e-005
      -4.26825e-003       -1.32471e-001        5.23351e-011
       4.27285e-003       -1.32471e-001       -4.74810e-011
      -4.26958e-003       -1.32453e-001        1.70296e-005
       4.27359e-003       -1.32453e-001       -1.77174e-005
      -4.27339e-003       -1.32400e-001        3.37738e-005
       4.27568e-003       -1.32400e-001       -3.51092e-005
      -4.27877e-003       -1.32313e-001        5.00689e-005
       4.27847e-003       -1.32313e-001       -5.18552e-005
      -4.28223e-003       -1.32193e-001        6.59044e-005
       4.27918e-003       -1.32193e-001       -6.77052e-005
      -4.32785e-003       -1.40865e-001       -5.65790e-005
       4.32331e-003       -1.40865e-001        5.72297e-005
      -4.32383e-003       -1.40968e-001       -4.35212e-005
       4.32365e-003       -1.40968e-001        4.41376e-005
      -4.31837e-003       -1.41045e-001       -2.97087e-005
       4.32175e-003       -1.41044e-001        2.99965e-005
      -4.31467e-003       -1.41091e-001       -1.51023e-005
       4.32014e-003       -1.41091e-001        1.51596e-005
      -4.31341e-003       -1.41107e-001       -2.41532e-010
       4.31955e-003       -1.41107e-001        2.42977e-010
      -4.31467e-003       -1.41091e-001        1.51018e-005
       4.32014e-003       -1.41091e-001       -1.51591e-005
      -4.31838e-003       -1.41045e-001        2.97083e-005
       4.32175e-003       -1.41044e-001       -2.99961e-005
      -4.32384e-003       -1.40968e-001        4.35208e-005
       4.32365e-003       -1.40968e-001       -4.41373e-005
      -4.32785e-003       -1.40865e-001        5.65787e-005
       4.32331e-003       -1.40865e-001       -5.72294e-005
      -4.36403e-003       -1.49616e-001       -4.92012e-005
       4.35695e-003       -1.49615e-001        4.64783e-005
      -4.35929e-003       -1.49705e-001       -3.87172e-005
       4.35869e-003       -1.49704e-001        3.61112e-005
      -4.35396e-003       -1.49772e-001       -2.69266e-005
       4.35767e-003       -1.49771e-001        2.46129e-005
      -4.35057e-003       -1.49813e-001       -1.38389e-005
       4.35646e-003       -1.49812e-001        1.24652e-005
      -4.34944e-003       -1.49827e-001       -5.63424e-010
       4.35598e-003       -1.49826e-001        5.61968e-010
      -4.35057e-003       -1.49813e-001        1.38378e-005
       4.35646e-003       -1.49812e-001       -1.24641e-005
      -4.35397e-003       -1.49772e-001        2.69256e-005
       4.35767e-003       -1.49771e-001       -2.46118e-005
      -4.35929e-003       -1.49705e-001        3.87162e-005
       4.35870e-003       -1.49704e-001       -3.61103e-005
      -4.36403e-003       -1.49616e-001        4.92003e-005
       4.35696e-003       -1.49615e-001       -4.64774e-005
      -4.39218e-003       -1.58426e-001       -4.54027e-005
       4.37892e-003       -1.58422e-001        3.44921e-005
      -4.38683e-003       -1.58503e-001       -3.66498e-005
       4.38219e-003       -1.58499e-001        2.71742e-005
      -4.38204e-003       -1.58563e-001       -2.58731e-005
       4.38170e-003       -1.58559e-001        1.88236e-005
      -4.37918e-003       -1.58600e-001       -1.33904e-005
       4.38074e-003       -1.58596e-001        9.66536e-006
      -4.37824e-003       -1.58613e-001       -8.73352e-010
       4.38034e-003       -1.58609e-001        8.68136e-010
      -4.37918e-003       -1.58600e-001        1.33887e-005
       4.38074e-003       -1.58596e-001       -9.66366e-006
      -4.38204e-003       -1.58563e-001        2.58715e-005
       4.38170e-003       -1.58559e-001       -1.88220e-005
      -4.38683e-003       -1.58503e-001        3.66482e-005
       4.38219e-003       -1.58499e-001       -2.71727e-005
      -4.39218e-003       -1.58426e-001        4.54012e-005
       4.37892e-003       -1.58422e-001       -3.44906e-005
      -4.40986e-003       -1.67270e-001       -4.70896e-005
       4.38490e-003       -1.67276e-001        1.93888e-005
      -4.40448e-003       -1.67340e-001       -3.79063e-005
       4.38882e-003       -1.67345e-001        1.75203e-005
      -4.40049e-003       -1.67395e-001       -2.66106e-005
       4.38871e-003       -1.67400e-001        1.33867e-005
      -4.39821e-003       -1.67430e-001       -1.37148e-005
       4.38805e-003       -1.67434e-001        7.23417e-006
      -4.39747e-003       -1.67442e-001       -1.05576e-009
       4.38777e-003       -1.67446e-001        1.04751e-009
      -4.39821e-003       -1.67430e-001        1.37127e-005
       4.38805e-003       -1.67434e-001       -7.23212e-006
      -4.40049e-003       -1.67395e-001        2.66086e-005
       4.38872e-003       -1.67400e-001       -1.33847e-005
      -4.40448e-003       -1.67340e-001        3.79044e-005
       4.38883e-003       -1.67345e-001       -1.75184e-005
      -4.40986e-003       -1.67270e-001        4.70878e-005
       4.38490e-003       -1.67276e-001       -1.93870e-005
