  138   139   791   810   823   420   842   824 
  810   791   790   811   824   842   843   825 
  811   790   470   429   825   843   471   812 
  823   420   842   824   822   421   844   826 
  824   842   843   825   826   844   845   827 
  825   843   471   812   827   845   472   813 
  822   421   844   826   137   422   846   828 
  826   844   845   827   828   846   847   829 
  827   845   472   813   829   847   473   814 
  137   422   846   828   136   423   848   830 
  828   846   847   829   830   848   849   831 
  829   847   473   814   831   849   474   815 
  136   423   848   830   135   424   850   832 
  830   848   849   831   832   850   851   833 
  831   849   474   815   833   851   475   816 
  135   424   850   832   821   425   852   834 
  832   850   851   833   834   852   853   835 
  833   851   475   816   835   853   476   430 
  821   425   852   834   820   426   854   836 
  834   852   853   835   836   854   855   837 
  835   853   476   430   837   855   477   817 
  820   426   854   836   134   427   856   838 
  836   854   855   837   838   856   857   839 
  837   855   477   817   839   857   478   818 
  134   427   856   838   133   428   858   840 
  838   856   857   839   840   858   859   841 
  839   857   478   818   841   859   479   431 
  133   428   858   840   819     0    65    64 
  840   858   859   841    64    65    94    63 
  841   859   479   431    63    94    61    62 
  139   140   789   791   420   411   860   842 
  791   789   788   790   842   860   861   843 
  790   788   469   470   843   861   480   471 
  420   411   860   842   421   412   862   844 
  842   860   861   843   844   862   863   845 
  843   861   480   471   845   863   481   472 
  421   412   862   844   422   413   864   846 
  844   862   863   845   846   864   865   847 
  845   863   481   472   847   865   482   473 
  422   413   864   846   423   414   866   848 
  846   864   865   847   848   866   867   849 
  847   865   482   473   849   867   483   474 
  423   414   866   848   424   415   868   850 
  848   866   867   849   850   868   869   851 
  849   867   483   474   851   869   484   475 
  424   415   868   850   425   416   870   852 
  850   868   869   851   852   870   871   853 
  851   869   484   475   853   871   485   476 
  425   416   870   852   426   417   872   854 
  852   870   871   853   854   872   873   855 
  853   871   485   476   855   873   486   477 
  426   417   872   854   427   418   874   856 
  854   872   873   855   856   874   875   857 
  855   873   486   477   857   875   487   478 
  427   418   874   856   428   419   876   858 
  856   874   875   857   858   876   877   859 
  857   875   487   478   859   877   488   479 
  428   419   876   858     0     1    66    65 
  858   876   877   859    65    66    95    94 
  859   877   488   479    94    95    60    61 
  140   141   787   789   411   402   878   860 
  789   787   786   788   860   878   879   861 
  788   786   468   469   861   879   489   480 
  411   402   878   860   412   403   880   862 
  860   878   879   861   862   880   881   863 
  861   879   489   480   863   881   490   481 
  412   403   880   862   413   404   882   864 
  862   880   881   863   864   882   883   865 
  863   881   490   481   865   883   491   482 
  413   404   882   864   414   405   884   866 
  864   882   883   865   866   884   885   867 
  865   883   491   482   867   885   492   483 
  414   405   884   866   415   406   886   868 
  866   884   885   867   868   886   887   869 
  867   885   492   483   869   887   493   484 
  415   406   886   868   416   407   888   870 
  868   886   887   869   870   888   889   871 
  869   887   493   484   871   889   494   485 
  416   407   888   870   417   408   890   872 
  870   888   889   871   872   890   891   873 
  871   889   494   485   873   891   495   486 
  417   408   890   872   418   409   892   874 
  872   890   891   873   874   892   893   875 
  873   891   495   486   875   893   496   487 
  418   409   892   874   419   410   894   876 
  874   892   893   875   876   894   895   877 
  875   893   496   487   877   895   497   488 
  419   410   894   876     1     2    67    66 
  876   894   895   877    66    67    96    95 
  877   895   497   488    95    96    59    60 
  141   142   785   787   402   393   896   878 
  787   785   784   786   878   896   897   879 
  786   784   467   468   879   897   498   489 
  402   393   896   878   403   394   898   880 
  878   896   897   879   880   898   899   881 
  879   897   498   489   881   899   499   490 
  403   394   898   880   404   395   900   882 
  880   898   899   881   882   900   901   883 
  881   899   499   490   883   901   500   491 
  404   395   900   882   405   396   902   884 
  882   900   901   883   884   902   903   885 
  883   901   500   491   885   903   501   492 
  405   396   902   884   406   397   904   886 
  884   902   903   885   886   904   905   887 
  885   903   501   492   887   905   502   493 
  406   397   904   886   407   398   906   888 
  886   904   905   887   888   906   907   889 
  887   905   502   493   889   907   503   494 
  407   398   906   888   408   399   908   890 
  888   906   907   889   890   908   909   891 
  889   907   503   494   891   909   504   495 
  408   399   908   890   409   400   910   892 
  890   908   909   891   892   910   911   893 
  891   909   504   495   893   911   505   496 
  409   400   910   892   410   401   912   894 
  892   910   911   893   894   912   913   895 
  893   911   505   496   895   913   506   497 
  410   401   912   894     2     3    68    67 
  894   912   913   895    67    68    97    96 
  895   913   506   497    96    97    58    59 
  142   143   783   785   393   384   914   896 
  785   783   782   784   896   914   915   897 
  784   782   466   467   897   915   507   498 
  393   384   914   896   394   385   916   898 
  896   914   915   897   898   916   917   899 
  897   915   507   498   899   917   508   499 
  394   385   916   898   395   386   918   900 
  898   916   917   899   900   918   919   901 
  899   917   508   499   901   919   509   500 
  395   386   918   900   396   387   920   902 
  900   918   919   901   902   920   921   903 
  901   919   509   500   903   921   510   501 
  396   387   920   902   397   388   922   904 
  902   920   921   903   904   922   923   905 
  903   921   510   501   905   923   511   502 
  397   388   922   904   398   389   924   906 
  904   922   923   905   906   924   925   907 
  905   923   511   502   907   925   512   503 
  398   389   924   906   399   390   926   908 
  906   924   925   907   908   926   927   909 
  907   925   512   503   909   927   513   504 
  399   390   926   908   400   391   928   910 
  908   926   927   909   910   928   929   911 
  909   927   513   504   911   929   514   505 
  400   391   928   910   401   392   930   912 
  910   928   929   911   912   930   931   913 
  911   929   514   505   913   931   515   506 
  401   392   930   912     3     4    69    68 
  912   930   931   913    68    69    98    97 
  913   931   515   506    97    98    57    58 
  143   144   781   783   384   375   932   914 
  783   781   780   782   914   932   933   915 
  782   780   465   466   915   933   516   507 
  384   375   932   914   385   376   934   916 
  914   932   933   915   916   934   935   917 
  915   933   516   507   917   935   517   508 
  385   376   934   916   386   377   936   918 
  916   934   935   917   918   936   937   919 
  917   935   517   508   919   937   518   509 
  386   377   936   918   387   378   938   920 
  918   936   937   919   920   938   939   921 
  919   937   518   509   921   939   519   510 
  387   378   938   920   388   379   940   922 
  920   938   939   921   922   940   941   923 
  921   939   519   510   923   941   520   511 
  388   379   940   922   389   380   942   924 
  922   940   941   923   924   942   943   925 
  923   941   520   511   925   943   521   512 
  389   380   942   924   390   381   944   926 
  924   942   943   925   926   944   945   927 
  925   943   521   512   927   945   522   513 
  390   381   944   926   391   382   946   928 
  926   944   945   927   928   946   947   929 
  927   945   522   513   929   947   523   514 
  391   382   946   928   392   383   948   930 
  928   946   947   929   930   948   949   931 
  929   947   523   514   931   949   524   515 
  392   383   948   930     4     5    70    69 
  930   948   949   931    69    70    99    98 
  931   949   524   515    98    99    56    57 
  144   145   779   781   375   366   950   932 
  781   779   778   780   932   950   951   933 
  780   778   464   465   933   951   525   516 
  375   366   950   932   376   367   952   934 
  932   950   951   933   934   952   953   935 
  933   951   525   516   935   953   526   517 
  376   367   952   934   377   368   954   936 
  934   952   953   935   936   954   955   937 
  935   953   526   517   937   955   527   518 
  377   368   954   936   378   369   956   938 
  936   954   955   937   938   956   957   939 
  937   955   527   518   939   957   528   519 
  378   369   956   938   379   370   958   940 
  938   956   957   939   940   958   959   941 
  939   957   528   519   941   959   529   520 
  379   370   958   940   380   371   960   942 
  940   958   959   941   942   960   961   943 
  941   959   529   520   943   961   530   521 
  380   371   960   942   381   372   962   944 
  942   960   961   943   944   962   963   945 
  943   961   530   521   945   963   531   522 
  381   372   962   944   382   373   964   946 
  944   962   963   945   946   964   965   947 
  945   963   531   522   947   965   532   523 
  382   373   964   946   383   374   966   948 
  946   964   965   947   948   966   967   949 
  947   965   532   523   949   967   533   524 
  383   374   966   948     5     6    71    70 
  948   966   967   949    70    71   100    99 
  949   967   533   524    99   100    55    56 
  145   146   777   779   366   357   968   950 
  779   777   776   778   950   968   969   951 
  778   776   463   464   951   969   534   525 
  366   357   968   950   367   358   970   952 
  950   968   969   951   952   970   971   953 
  951   969   534   525   953   971   535   526 
  367   358   970   952   368   359   972   954 
  952   970   971   953   954   972   973   955 
  953   971   535   526   955   973   536   527 
  368   359   972   954   369   360   974   956 
  954   972   973   955   956   974   975   957 
  955   973   536   527   957   975   537   528 
  369   360   974   956   370   361   976   958 
  956   974   975   957   958   976   977   959 
  957   975   537   528   959   977   538   529 
  370   361   976   958   371   362   978   960 
  958   976   977   959   960   978   979   961 
  959   977   538   529   961   979   539   530 
  371   362   978   960   372   363   980   962 
  960   978   979   961   962   980   981   963 
  961   979   539   530   963   981   540   531 
  372   363   980   962   373   364   982   964 
  962   980   981   963   964   982   983   965 
  963   981   540   531   965   983   541   532 
  373   364   982   964   374   365   984   966 
  964   982   983   965   966   984   985   967 
  965   983   541   532   967   985   542   533 
  374   365   984   966     6     7    72    71 
  966   984   985   967    71    72   101   100 
  967   985   542   533   100   101    54    55 
  146   147   775   777   357   348   986   968 
  777   775   774   776   968   986   987   969 
  776   774   462   463   969   987   543   534 
  357   348   986   968   358   349   988   970 
  968   986   987   969   970   988   989   971 
  969   987   543   534   971   989   544   535 
  358   349   988   970   359   350   990   972 
  970   988   989   971   972   990   991   973 
  971   989   544   535   973   991   545   536 
  359   350   990   972   360   351   992   974 
  972   990   991   973   974   992   993   975 
  973   991   545   536   975   993   546   537 
  360   351   992   974   361   352   994   976 
  974   992   993   975   976   994   995   977 
  975   993   546   537   977   995   547   538 
  361   352   994   976   362   353   996   978 
  976   994   995   977   978   996   997   979 
  977   995   547   538   979   997   548   539 
  362   353   996   978   363   354   998   980 
  978   996   997   979   980   998   999   981 
  979   997   548   539   981   999   549   540 
  363   354   998   980   364   355  1000   982 
  980   998   999   981   982  1000  1001   983 
  981   999   549   540   983  1001   550   541 
  364   355  1000   982   365   356  1002   984 
  982  1000  1001   983   984  1002  1003   985 
  983  1001   550   541   985  1003   551   542 
  365   356  1002   984     7     8    73    72 
  984  1002  1003   985    72    73   102   101 
  985  1003   551   542   101   102    53    54 
  147   148   773   775   348   339  1004   986 
  775   773   772   774   986  1004  1005   987 
  774   772   461   462   987  1005   552   543 
  348   339  1004   986   349   340  1006   988 
  986  1004  1005   987   988  1006  1007   989 
  987  1005   552   543   989  1007   553   544 
  349   340  1006   988   350   341  1008   990 
  988  1006  1007   989   990  1008  1009   991 
  989  1007   553   544   991  1009   554   545 
  350   341  1008   990   351   342  1010   992 
  990  1008  1009   991   992  1010  1011   993 
  991  1009   554   545   993  1011   555   546 
  351   342  1010   992   352   343  1012   994 
  992  1010  1011   993   994  1012  1013   995 
  993  1011   555   546   995  1013   556   547 
  352   343  1012   994   353   344  1014   996 
  994  1012  1013   995   996  1014  1015   997 
  995  1013   556   547   997  1015   557   548 
  353   344  1014   996   354   345  1016   998 
  996  1014  1015   997   998  1016  1017   999 
  997  1015   557   548   999  1017   558   549 
  354   345  1016   998   355   346  1018  1000 
  998  1016  1017   999  1000  1018  1019  1001 
  999  1017   558   549  1001  1019   559   550 
  355   346  1018  1000   356   347  1020  1002 
 1000  1018  1019  1001  1002  1020  1021  1003 
 1001  1019   559   550  1003  1021   560   551 
  356   347  1020  1002     8     9    74    73 
 1002  1020  1021  1003    73    74   103   102 
 1003  1021   560   551   102   103    52    53 
  148   149   771   773   339   330  1022  1004 
  773   771   770   772  1004  1022  1023  1005 
  772   770   460   461  1005  1023   561   552 
  339   330  1022  1004   340   331  1024  1006 
 1004  1022  1023  1005  1006  1024  1025  1007 
 1005  1023   561   552  1007  1025   562   553 
  340   331  1024  1006   341   332  1026  1008 
 1006  1024  1025  1007  1008  1026  1027  1009 
 1007  1025   562   553  1009  1027   563   554 
  341   332  1026  1008   342   333  1028  1010 
 1008  1026  1027  1009  1010  1028  1029  1011 
 1009  1027   563   554  1011  1029   564   555 
  342   333  1028  1010   343   334  1030  1012 
 1010  1028  1029  1011  1012  1030  1031  1013 
 1011  1029   564   555  1013  1031   565   556 
  343   334  1030  1012   344   335  1032  1014 
 1012  1030  1031  1013  1014  1032  1033  1015 
 1013  1031   565   556  1015  1033   566   557 
  344   335  1032  1014   345   336  1034  1016 
 1014  1032  1033  1015  1016  1034  1035  1017 
 1015  1033   566   557  1017  1035   567   558 
  345   336  1034  1016   346   337  1036  1018 
 1016  1034  1035  1017  1018  1036  1037  1019 
 1017  1035   567   558  1019  1037   568   559 
  346   337  1036  1018   347   338  1038  1020 
 1018  1036  1037  1019  1020  1038  1039  1021 
 1019  1037   568   559  1021  1039   569   560 
  347   338  1038  1020     9    10    75    74 
 1020  1038  1039  1021    74    75   104   103 
 1021  1039   569   560   103   104    51    52 
  149   150   769   771   330   321  1040  1022 
  771   769   768   770  1022  1040  1041  1023 
  770   768   459   460  1023  1041   570   561 
  330   321  1040  1022   331   322  1042  1024 
 1022  1040  1041  1023  1024  1042  1043  1025 
 1023  1041   570   561  1025  1043   571   562 
  331   322  1042  1024   332   323  1044  1026 
 1024  1042  1043  1025  1026  1044  1045  1027 
 1025  1043   571   562  1027  1045   572   563 
  332   323  1044  1026   333   324  1046  1028 
 1026  1044  1045  1027  1028  1046  1047  1029 
 1027  1045   572   563  1029  1047   573   564 
  333   324  1046  1028   334   325  1048  1030 
 1028  1046  1047  1029  1030  1048  1049  1031 
 1029  1047   573   564  1031  1049   574   565 
  334   325  1048  1030   335   326  1050  1032 
 1030  1048  1049  1031  1032  1050  1051  1033 
 1031  1049   574   565  1033  1051   575   566 
  335   326  1050  1032   336   327  1052  1034 
 1032  1050  1051  1033  1034  1052  1053  1035 
 1033  1051   575   566  1035  1053   576   567 
  336   327  1052  1034   337   328  1054  1036 
 1034  1052  1053  1035  1036  1054  1055  1037 
 1035  1053   576   567  1037  1055   577   568 
  337   328  1054  1036   338   329  1056  1038 
 1036  1054  1055  1037  1038  1056  1057  1039 
 1037  1055   577   568  1039  1057   578   569 
  338   329  1056  1038    10    11    76    75 
 1038  1056  1057  1039    75    76   105   104 
 1039  1057   578   569   104   105    50    51 
  150   151   767   769   321   312  1058  1040 
  769   767   766   768  1040  1058  1059  1041 
  768   766   458   459  1041  1059   579   570 
  321   312  1058  1040   322   313  1060  1042 
 1040  1058  1059  1041  1042  1060  1061  1043 
 1041  1059   579   570  1043  1061   580   571 
  322   313  1060  1042   323   314  1062  1044 
 1042  1060  1061  1043  1044  1062  1063  1045 
 1043  1061   580   571  1045  1063   581   572 
  323   314  1062  1044   324   315  1064  1046 
 1044  1062  1063  1045  1046  1064  1065  1047 
 1045  1063   581   572  1047  1065   582   573 
  324   315  1064  1046   325   316  1066  1048 
 1046  1064  1065  1047  1048  1066  1067  1049 
 1047  1065   582   573  1049  1067   583   574 
  325   316  1066  1048   326   317  1068  1050 
 1048  1066  1067  1049  1050  1068  1069  1051 
 1049  1067   583   574  1051  1069   584   575 
  326   317  1068  1050   327   318  1070  1052 
 1050  1068  1069  1051  1052  1070  1071  1053 
 1051  1069   584   575  1053  1071   585   576 
  327   318  1070  1052   328   319  1072  1054 
 1052  1070  1071  1053  1054  1072  1073  1055 
 1053  1071   585   576  1055  1073   586   577 
  328   319  1072  1054   329   320  1074  1056 
 1054  1072  1073  1055  1056  1074  1075  1057 
 1055  1073   586   577  1057  1075   587   578 
  329   320  1074  1056    11    12    77    76 
 1056  1074  1075  1057    76    77   106   105 
 1057  1075   587   578   105   106    49    50 
  151   152   765   767   312   303  1076  1058 
  767   765   764   766  1058  1076  1077  1059 
  766   764   457   458  1059  1077   588   579 
  312   303  1076  1058   313   304  1078  1060 
 1058  1076  1077  1059  1060  1078  1079  1061 
 1059  1077   588   579  1061  1079   589   580 
  313   304  1078  1060   314   305  1080  1062 
 1060  1078  1079  1061  1062  1080  1081  1063 
 1061  1079   589   580  1063  1081   590   581 
  314   305  1080  1062   315   306  1082  1064 
 1062  1080  1081  1063  1064  1082  1083  1065 
 1063  1081   590   581  1065  1083   591   582 
  315   306  1082  1064   316   307  1084  1066 
 1064  1082  1083  1065  1066  1084  1085  1067 
 1065  1083   591   582  1067  1085   592   583 
  316   307  1084  1066   317   308  1086  1068 
 1066  1084  1085  1067  1068  1086  1087  1069 
 1067  1085   592   583  1069  1087   593   584 
  317   308  1086  1068   318   309  1088  1070 
 1068  1086  1087  1069  1070  1088  1089  1071 
 1069  1087   593   584  1071  1089   594   585 
  318   309  1088  1070   319   310  1090  1072 
 1070  1088  1089  1071  1072  1090  1091  1073 
 1071  1089   594   585  1073  1091   595   586 
  319   310  1090  1072   320   311  1092  1074 
 1072  1090  1091  1073  1074  1092  1093  1075 
 1073  1091   595   586  1075  1093   596   587 
  320   311  1092  1074    12    13    78    77 
 1074  1092  1093  1075    77    78   107   106 
 1075  1093   596   587   106   107    48    49 
  152   153   763   765   303   294  1094  1076 
  765   763   762   764  1076  1094  1095  1077 
  764   762   456   457  1077  1095   597   588 
  303   294  1094  1076   304   295  1096  1078 
 1076  1094  1095  1077  1078  1096  1097  1079 
 1077  1095   597   588  1079  1097   598   589 
  304   295  1096  1078   305   296  1098  1080 
 1078  1096  1097  1079  1080  1098  1099  1081 
 1079  1097   598   589  1081  1099   599   590 
  305   296  1098  1080   306   297  1100  1082 
 1080  1098  1099  1081  1082  1100  1101  1083 
 1081  1099   599   590  1083  1101   600   591 
  306   297  1100  1082   307   298  1102  1084 
 1082  1100  1101  1083  1084  1102  1103  1085 
 1083  1101   600   591  1085  1103   601   592 
  307   298  1102  1084   308   299  1104  1086 
 1084  1102  1103  1085  1086  1104  1105  1087 
 1085  1103   601   592  1087  1105   602   593 
  308   299  1104  1086   309   300  1106  1088 
 1086  1104  1105  1087  1088  1106  1107  1089 
 1087  1105   602   593  1089  1107   603   594 
  309   300  1106  1088   310   301  1108  1090 
 1088  1106  1107  1089  1090  1108  1109  1091 
 1089  1107   603   594  1091  1109   604   595 
  310   301  1108  1090   311   302  1110  1092 
 1090  1108  1109  1091  1092  1110  1111  1093 
 1091  1109   604   595  1093  1111   605   596 
  311   302  1110  1092    13    14    79    78 
 1092  1110  1111  1093    78    79   108   107 
 1093  1111   605   596   107   108    47    48 
  153   154   761   763   294   285  1112  1094 
  763   761   760   762  1094  1112  1113  1095 
  762   760   455   456  1095  1113   606   597 
  294   285  1112  1094   295   286  1114  1096 
 1094  1112  1113  1095  1096  1114  1115  1097 
 1095  1113   606   597  1097  1115   607   598 
  295   286  1114  1096   296   287  1116  1098 
 1096  1114  1115  1097  1098  1116  1117  1099 
 1097  1115   607   598  1099  1117   608   599 
  296   287  1116  1098   297   288  1118  1100 
 1098  1116  1117  1099  1100  1118  1119  1101 
 1099  1117   608   599  1101  1119   609   600 
  297   288  1118  1100   298   289  1120  1102 
 1100  1118  1119  1101  1102  1120  1121  1103 
 1101  1119   609   600  1103  1121   610   601 
  298   289  1120  1102   299   290  1122  1104 
 1102  1120  1121  1103  1104  1122  1123  1105 
 1103  1121   610   601  1105  1123   611   602 
  299   290  1122  1104   300   291  1124  1106 
 1104  1122  1123  1105  1106  1124  1125  1107 
 1105  1123   611   602  1107  1125   612   603 
  300   291  1124  1106   301   292  1126  1108 
 1106  1124  1125  1107  1108  1126  1127  1109 
 1107  1125   612   603  1109  1127   613   604 
  301   292  1126  1108   302   293  1128  1110 
 1108  1126  1127  1109  1110  1128  1129  1111 
 1109  1127   613   604  1111  1129   614   605 
  302   293  1128  1110    14    15    80    79 
 1110  1128  1129  1111    79    80   109   108 
 1111  1129   614   605   108   109    46    47 
  154   155   759   761   285   276  1130  1112 
  761   759   758   760  1112  1130  1131  1113 
  760   758   454   455  1113  1131   615   606 
  285   276  1130  1112   286   277  1132  1114 
 1112  1130  1131  1113  1114  1132  1133  1115 
 1113  1131   615   606  1115  1133   616   607 
  286   277  1132  1114   287   278  1134  1116 
 1114  1132  1133  1115  1116  1134  1135  1117 
 1115  1133   616   607  1117  1135   617   608 
  287   278  1134  1116   288   279  1136  1118 
 1116  1134  1135  1117  1118  1136  1137  1119 
 1117  1135   617   608  1119  1137   618   609 
  288   279  1136  1118   289   280  1138  1120 
 1118  1136  1137  1119  1120  1138  1139  1121 
 1119  1137   618   609  1121  1139   619   610 
  289   280  1138  1120   290   281  1140  1122 
 1120  1138  1139  1121  1122  1140  1141  1123 
 1121  1139   619   610  1123  1141   620   611 
  290   281  1140  1122   291   282  1142  1124 
 1122  1140  1141  1123  1124  1142  1143  1125 
 1123  1141   620   611  1125  1143   621   612 
  291   282  1142  1124   292   283  1144  1126 
 1124  1142  1143  1125  1126  1144  1145  1127 
 1125  1143   621   612  1127  1145   622   613 
  292   283  1144  1126   293   284  1146  1128 
 1126  1144  1145  1127  1128  1146  1147  1129 
 1127  1145   622   613  1129  1147   623   614 
  293   284  1146  1128    15    16    81    80 
 1128  1146  1147  1129    80    81   110   109 
 1129  1147   623   614   109   110    45    46 
  155   156   757   759   276   267  1148  1130 
  759   757   756   758  1130  1148  1149  1131 
  758   756   453   454  1131  1149   624   615 
  276   267  1148  1130   277   268  1150  1132 
 1130  1148  1149  1131  1132  1150  1151  1133 
 1131  1149   624   615  1133  1151   625   616 
  277   268  1150  1132   278   269  1152  1134 
 1132  1150  1151  1133  1134  1152  1153  1135 
 1133  1151   625   616  1135  1153   626   617 
  278   269  1152  1134   279   270  1154  1136 
 1134  1152  1153  1135  1136  1154  1155  1137 
 1135  1153   626   617  1137  1155   627   618 
  279   270  1154  1136   280   271  1156  1138 
 1136  1154  1155  1137  1138  1156  1157  1139 
 1137  1155   627   618  1139  1157   628   619 
  280   271  1156  1138   281   272  1158  1140 
 1138  1156  1157  1139  1140  1158  1159  1141 
 1139  1157   628   619  1141  1159   629   620 
  281   272  1158  1140   282   273  1160  1142 
 1140  1158  1159  1141  1142  1160  1161  1143 
 1141  1159   629   620  1143  1161   630   621 
  282   273  1160  1142   283   274  1162  1144 
 1142  1160  1161  1143  1144  1162  1163  1145 
 1143  1161   630   621  1145  1163   631   622 
  283   274  1162  1144   284   275  1164  1146 
 1144  1162  1163  1145  1146  1164  1165  1147 
 1145  1163   631   622  1147  1165   632   623 
  284   275  1164  1146    16    17    82    81 
 1146  1164  1165  1147    81    82   111   110 
 1147  1165   632   623   110   111    44    45 
  156   157   755   757   267   258  1166  1148 
  757   755   754   756  1148  1166  1167  1149 
  756   754   452   453  1149  1167   633   624 
  267   258  1166  1148   268   259  1168  1150 
 1148  1166  1167  1149  1150  1168  1169  1151 
 1149  1167   633   624  1151  1169   634   625 
  268   259  1168  1150   269   260  1170  1152 
 1150  1168  1169  1151  1152  1170  1171  1153 
 1151  1169   634   625  1153  1171   635   626 
  269   260  1170  1152   270   261  1172  1154 
 1152  1170  1171  1153  1154  1172  1173  1155 
 1153  1171   635   626  1155  1173   636   627 
  270   261  1172  1154   271   262  1174  1156 
 1154  1172  1173  1155  1156  1174  1175  1157 
 1155  1173   636   627  1157  1175   637   628 
  271   262  1174  1156   272   263  1176  1158 
 1156  1174  1175  1157  1158  1176  1177  1159 
 1157  1175   637   628  1159  1177   638   629 
  272   263  1176  1158   273   264  1178  1160 
 1158  1176  1177  1159  1160  1178  1179  1161 
 1159  1177   638   629  1161  1179   639   630 
  273   264  1178  1160   274   265  1180  1162 
 1160  1178  1179  1161  1162  1180  1181  1163 
 1161  1179   639   630  1163  1181   640   631 
  274   265  1180  1162   275   266  1182  1164 
 1162  1180  1181  1163  1164  1182  1183  1165 
 1163  1181   640   631  1165  1183   641   632 
  275   266  1182  1164    17    18    83    82 
 1164  1182  1183  1165    82    83   112   111 
 1165  1183   641   632   111   112    43    44 
  157   158   753   755   258   249  1184  1166 
  755   753   752   754  1166  1184  1185  1167 
  754   752   451   452  1167  1185   642   633 
  258   249  1184  1166   259   250  1186  1168 
 1166  1184  1185  1167  1168  1186  1187  1169 
 1167  1185   642   633  1169  1187   643   634 
  259   250  1186  1168   260   251  1188  1170 
 1168  1186  1187  1169  1170  1188  1189  1171 
 1169  1187   643   634  1171  1189   644   635 
  260   251  1188  1170   261   252  1190  1172 
 1170  1188  1189  1171  1172  1190  1191  1173 
 1171  1189   644   635  1173  1191   645   636 
  261   252  1190  1172   262   253  1192  1174 
 1172  1190  1191  1173  1174  1192  1193  1175 
 1173  1191   645   636  1175  1193   646   637 
  262   253  1192  1174   263   254  1194  1176 
 1174  1192  1193  1175  1176  1194  1195  1177 
 1175  1193   646   637  1177  1195   647   638 
  263   254  1194  1176   264   255  1196  1178 
 1176  1194  1195  1177  1178  1196  1197  1179 
 1177  1195   647   638  1179  1197   648   639 
  264   255  1196  1178   265   256  1198  1180 
 1178  1196  1197  1179  1180  1198  1199  1181 
 1179  1197   648   639  1181  1199   649   640 
  265   256  1198  1180   266   257  1200  1182 
 1180  1198  1199  1181  1182  1200  1201  1183 
 1181  1199   649   640  1183  1201   650   641 
  266   257  1200  1182    18    19    84    83 
 1182  1200  1201  1183    83    84   113   112 
 1183  1201   650   641   112   113    42    43 
  158   159   751   753   249   240  1202  1184 
  753   751   750   752  1184  1202  1203  1185 
  752   750   450   451  1185  1203   651   642 
  249   240  1202  1184   250   241  1204  1186 
 1184  1202  1203  1185  1186  1204  1205  1187 
 1185  1203   651   642  1187  1205   652   643 
  250   241  1204  1186   251   242  1206  1188 
 1186  1204  1205  1187  1188  1206  1207  1189 
 1187  1205   652   643  1189  1207   653   644 
  251   242  1206  1188   252   243  1208  1190 
 1188  1206  1207  1189  1190  1208  1209  1191 
 1189  1207   653   644  1191  1209   654   645 
  252   243  1208  1190   253   244  1210  1192 
 1190  1208  1209  1191  1192  1210  1211  1193 
 1191  1209   654   645  1193  1211   655   646 
  253   244  1210  1192   254   245  1212  1194 
 1192  1210  1211  1193  1194  1212  1213  1195 
 1193  1211   655   646  1195  1213   656   647 
  254   245  1212  1194   255   246  1214  1196 
 1194  1212  1213  1195  1196  1214  1215  1197 
 1195  1213   656   647  1197  1215   657   648 
  255   246  1214  1196   256   247  1216  1198 
 1196  1214  1215  1197  1198  1216  1217  1199 
 1197  1215   657   648  1199  1217   658   649 
  256   247  1216  1198   257   248  1218  1200 
 1198  1216  1217  1199  1200  1218  1219  1201 
 1199  1217   658   649  1201  1219   659   650 
  257   248  1218  1200    19    20    85    84 
 1200  1218  1219  1201    84    85   114   113 
 1201  1219   659   650   113   114    41    42 
  159   160   749   751   240   231  1220  1202 
  751   749   748   750  1202  1220  1221  1203 
  750   748   449   450  1203  1221   660   651 
  240   231  1220  1202   241   232  1222  1204 
 1202  1220  1221  1203  1204  1222  1223  1205 
 1203  1221   660   651  1205  1223   661   652 
  241   232  1222  1204   242   233  1224  1206 
 1204  1222  1223  1205  1206  1224  1225  1207 
 1205  1223   661   652  1207  1225   662   653 
  242   233  1224  1206   243   234  1226  1208 
 1206  1224  1225  1207  1208  1226  1227  1209 
 1207  1225   662   653  1209  1227   663   654 
  243   234  1226  1208   244   235  1228  1210 
 1208  1226  1227  1209  1210  1228  1229  1211 
 1209  1227   663   654  1211  1229   664   655 
  244   235  1228  1210   245   236  1230  1212 
 1210  1228  1229  1211  1212  1230  1231  1213 
 1211  1229   664   655  1213  1231   665   656 
  245   236  1230  1212   246   237  1232  1214 
 1212  1230  1231  1213  1214  1232  1233  1215 
 1213  1231   665   656  1215  1233   666   657 
  246   237  1232  1214   247   238  1234  1216 
 1214  1232  1233  1215  1216  1234  1235  1217 
 1215  1233   666   657  1217  1235   667   658 
  247   238  1234  1216   248   239  1236  1218 
 1216  1234  1235  1217  1218  1236  1237  1219 
 1217  1235   667   658  1219  1237   668   659 
  248   239  1236  1218    20    21    86    85 
 1218  1236  1237  1219    85    86   115   114 
 1219  1237   668   659   114   115    40    41 
  160   161   747   749   231   222  1238  1220 
  749   747   746   748  1220  1238  1239  1221 
  748   746   448   449  1221  1239   669   660 
  231   222  1238  1220   232   223  1240  1222 
 1220  1238  1239  1221  1222  1240  1241  1223 
 1221  1239   669   660  1223  1241   670   661 
  232   223  1240  1222   233   224  1242  1224 
 1222  1240  1241  1223  1224  1242  1243  1225 
 1223  1241   670   661  1225  1243   671   662 
  233   224  1242  1224   234   225  1244  1226 
 1224  1242  1243  1225  1226  1244  1245  1227 
 1225  1243   671   662  1227  1245   672   663 
  234   225  1244  1226   235   226  1246  1228 
 1226  1244  1245  1227  1228  1246  1247  1229 
 1227  1245   672   663  1229  1247   673   664 
  235   226  1246  1228   236   227  1248  1230 
 1228  1246  1247  1229  1230  1248  1249  1231 
 1229  1247   673   664  1231  1249   674   665 
  236   227  1248  1230   237   228  1250  1232 
 1230  1248  1249  1231  1232  1250  1251  1233 
 1231  1249   674   665  1233  1251   675   666 
  237   228  1250  1232   238   229  1252  1234 
 1232  1250  1251  1233  1234  1252  1253  1235 
 1233  1251   675   666  1235  1253   676   667 
  238   229  1252  1234   239   230  1254  1236 
 1234  1252  1253  1235  1236  1254  1255  1237 
 1235  1253   676   667  1237  1255   677   668 
  239   230  1254  1236    21    22    87    86 
 1236  1254  1255  1237    86    87   116   115 
 1237  1255   677   668   115   116    39    40 
  161   162   745   747   222   213  1256  1238 
  747   745   744   746  1238  1256  1257  1239 
  746   744   447   448  1239  1257   678   669 
  222   213  1256  1238   223   214  1258  1240 
 1238  1256  1257  1239  1240  1258  1259  1241 
 1239  1257   678   669  1241  1259   679   670 
  223   214  1258  1240   224   215  1260  1242 
 1240  1258  1259  1241  1242  1260  1261  1243 
 1241  1259   679   670  1243  1261   680   671 
  224   215  1260  1242   225   216  1262  1244 
 1242  1260  1261  1243  1244  1262  1263  1245 
 1243  1261   680   671  1245  1263   681   672 
  225   216  1262  1244   226   217  1264  1246 
 1244  1262  1263  1245  1246  1264  1265  1247 
 1245  1263   681   672  1247  1265   682   673 
  226   217  1264  1246   227   218  1266  1248 
 1246  1264  1265  1247  1248  1266  1267  1249 
 1247  1265   682   673  1249  1267   683   674 
  227   218  1266  1248   228   219  1268  1250 
 1248  1266  1267  1249  1250  1268  1269  1251 
 1249  1267   683   674  1251  1269   684   675 
  228   219  1268  1250   229   220  1270  1252 
 1250  1268  1269  1251  1252  1270  1271  1253 
 1251  1269   684   675  1253  1271   685   676 
  229   220  1270  1252   230   221  1272  1254 
 1252  1270  1271  1253  1254  1272  1273  1255 
 1253  1271   685   676  1255  1273   686   677 
  230   221  1272  1254    22    23    88    87 
 1254  1272  1273  1255    87    88   117   116 
 1255  1273   686   677   116   117    38    39 
  162   163   743   745   213   204  1274  1256 
  745   743   742   744  1256  1274  1275  1257 
  744   742   446   447  1257  1275   687   678 
  213   204  1274  1256   214   205  1276  1258 
 1256  1274  1275  1257  1258  1276  1277  1259 
 1257  1275   687   678  1259  1277   688   679 
  214   205  1276  1258   215   206  1278  1260 
 1258  1276  1277  1259  1260  1278  1279  1261 
 1259  1277   688   679  1261  1279   689   680 
  215   206  1278  1260   216   207  1280  1262 
 1260  1278  1279  1261  1262  1280  1281  1263 
 1261  1279   689   680  1263  1281   690   681 
  216   207  1280  1262   217   208  1282  1264 
 1262  1280  1281  1263  1264  1282  1283  1265 
 1263  1281   690   681  1265  1283   691   682 
  217   208  1282  1264   218   209  1284  1266 
 1264  1282  1283  1265  1266  1284  1285  1267 
 1265  1283   691   682  1267  1285   692   683 
  218   209  1284  1266   219   210  1286  1268 
 1266  1284  1285  1267  1268  1286  1287  1269 
 1267  1285   692   683  1269  1287   693   684 
  219   210  1286  1268   220   211  1288  1270 
 1268  1286  1287  1269  1270  1288  1289  1271 
 1269  1287   693   684  1271  1289   694   685 
  220   211  1288  1270   221   212  1290  1272 
 1270  1288  1289  1271  1272  1290  1291  1273 
 1271  1289   694   685  1273  1291   695   686 
  221   212  1290  1272    23    24    89    88 
 1272  1290  1291  1273    88    89   118   117 
 1273  1291   695   686   117   118    37    38 
  163   164   741   743   204   195  1292  1274 
  743   741   740   742  1274  1292  1293  1275 
  742   740   445   446  1275  1293   696   687 
  204   195  1292  1274   205   196  1294  1276 
 1274  1292  1293  1275  1276  1294  1295  1277 
 1275  1293   696   687  1277  1295   697   688 
  205   196  1294  1276   206   197  1296  1278 
 1276  1294  1295  1277  1278  1296  1297  1279 
 1277  1295   697   688  1279  1297   698   689 
  206   197  1296  1278   207   198  1298  1280 
 1278  1296  1297  1279  1280  1298  1299  1281 
 1279  1297   698   689  1281  1299   699   690 
  207   198  1298  1280   208   199  1300  1282 
 1280  1298  1299  1281  1282  1300  1301  1283 
 1281  1299   699   690  1283  1301   700   691 
  208   199  1300  1282   209   200  1302  1284 
 1282  1300  1301  1283  1284  1302  1303  1285 
 1283  1301   700   691  1285  1303   701   692 
  209   200  1302  1284   210   201  1304  1286 
 1284  1302  1303  1285  1286  1304  1305  1287 
 1285  1303   701   692  1287  1305   702   693 
  210   201  1304  1286   211   202  1306  1288 
 1286  1304  1305  1287  1288  1306  1307  1289 
 1287  1305   702   693  1289  1307   703   694 
  211   202  1306  1288   212   203  1308  1290 
 1288  1306  1307  1289  1290  1308  1309  1291 
 1289  1307   703   694  1291  1309   704   695 
  212   203  1308  1290    24    25    90    89 
 1290  1308  1309  1291    89    90   119   118 
 1291  1309   704   695   118   119    36    37 
  164   165   739   741   195   186  1310  1292 
  741   739   738   740  1292  1310  1311  1293 
  740   738   444   445  1293  1311   705   696 
  195   186  1310  1292   196   187  1312  1294 
 1292  1310  1311  1293  1294  1312  1313  1295 
 1293  1311   705   696  1295  1313   706   697 
  196   187  1312  1294   197   188  1314  1296 
 1294  1312  1313  1295  1296  1314  1315  1297 
 1295  1313   706   697  1297  1315   707   698 
  197   188  1314  1296   198   189  1316  1298 
 1296  1314  1315  1297  1298  1316  1317  1299 
 1297  1315   707   698  1299  1317   708   699 
  198   189  1316  1298   199   190  1318  1300 
 1298  1316  1317  1299  1300  1318  1319  1301 
 1299  1317   708   699  1301  1319   709   700 
  199   190  1318  1300   200   191  1320  1302 
 1300  1318  1319  1301  1302  1320  1321  1303 
 1301  1319   709   700  1303  1321   710   701 
  200   191  1320  1302   201   192  1322  1304 
 1302  1320  1321  1303  1304  1322  1323  1305 
 1303  1321   710   701  1305  1323   711   702 
  201   192  1322  1304   202   193  1324  1306 
 1304  1322  1323  1305  1306  1324  1325  1307 
 1305  1323   711   702  1307  1325   712   703 
  202   193  1324  1306   203   194  1326  1308 
 1306  1324  1325  1307  1308  1326  1327  1309 
 1307  1325   712   703  1309  1327   713   704 
  203   194  1326  1308    25    26    91    90 
 1308  1326  1327  1309    90    91   120   119 
 1309  1327   713   704   119   120    35    36 
  165   166   737   739   186   177  1328  1310 
  739   737   736   738  1310  1328  1329  1311 
  738   736   443   444  1311  1329   714   705 
  186   177  1328  1310   187   178  1330  1312 
 1310  1328  1329  1311  1312  1330  1331  1313 
 1311  1329   714   705  1313  1331   715   706 
  187   178  1330  1312   188   179  1332  1314 
 1312  1330  1331  1313  1314  1332  1333  1315 
 1313  1331   715   706  1315  1333   716   707 
  188   179  1332  1314   189   180  1334  1316 
 1314  1332  1333  1315  1316  1334  1335  1317 
 1315  1333   716   707  1317  1335   717   708 
  189   180  1334  1316   190   181  1336  1318 
 1316  1334  1335  1317  1318  1336  1337  1319 
 1317  1335   717   708  1319  1337   718   709 
  190   181  1336  1318   191   182  1338  1320 
 1318  1336  1337  1319  1320  1338  1339  1321 
 1319  1337   718   709  1321  1339   719   710 
  191   182  1338  1320   192   183  1340  1322 
 1320  1338  1339  1321  1322  1340  1341  1323 
 1321  1339   719   710  1323  1341   720   711 
  192   183  1340  1322   193   184  1342  1324 
 1322  1340  1341  1323  1324  1342  1343  1325 
 1323  1341   720   711  1325  1343   721   712 
  193   184  1342  1324   194   185  1344  1326 
 1324  1342  1343  1325  1326  1344  1345  1327 
 1325  1343   721   712  1327  1345   722   713 
  194   185  1344  1326    26    27    92    91 
 1326  1344  1345  1327    91    92   121   120 
 1327  1345   722   713   120   121    34    35 
  166   167   735   737   177   168  1346  1328 
  737   735   734   736  1328  1346  1347  1329 
  736   734   442   443  1329  1347   723   714 
  177   168  1346  1328   178   169  1348  1330 
 1328  1346  1347  1329  1330  1348  1349  1331 
 1329  1347   723   714  1331  1349   724   715 
  178   169  1348  1330   179   170  1350  1332 
 1330  1348  1349  1331  1332  1350  1351  1333 
 1331  1349   724   715  1333  1351   725   716 
  179   170  1350  1332   180   171  1352  1334 
 1332  1350  1351  1333  1334  1352  1353  1335 
 1333  1351   725   716  1335  1353   726   717 
  180   171  1352  1334   181   172  1354  1336 
 1334  1352  1353  1335  1336  1354  1355  1337 
 1335  1353   726   717  1337  1355   727   718 
  181   172  1354  1336   182   173  1356  1338 
 1336  1354  1355  1337  1338  1356  1357  1339 
 1337  1355   727   718  1339  1357   728   719 
  182   173  1356  1338   183   174  1358  1340 
 1338  1356  1357  1339  1340  1358  1359  1341 
 1339  1357   728   719  1341  1359   729   720 
  183   174  1358  1340   184   175  1360  1342 
 1340  1358  1359  1341  1342  1360  1361  1343 
 1341  1359   729   720  1343  1361   730   721 
  184   175  1360  1342   185   176  1362  1344 
 1342  1360  1361  1343  1344  1362  1363  1345 
 1343  1361   730   721  1345  1363   731   722 
  185   176  1362  1344    27    28    93    92 
 1344  1362  1363  1345    92    93   122   121 
 1345  1363   731   722   121   122    33    34 
  167   123   733   735   168   124   792  1346 
  735   733   732   734  1346   792   793  1347 
  734   732   441   442  1347   793   440   723 
  168   124   792  1346   169   125   794  1348 
 1346   792   793  1347  1348   794   795  1349 
 1347   793   440   723  1349   795   439   724 
  169   125   794  1348   170   126   796  1350 
 1348   794   795  1349  1350   796   797  1351 
 1349   795   439   724  1351   797   438   725 
  170   126   796  1350   171   127   798  1352 
 1350   796   797  1351  1352   798   799  1353 
 1351   797   438   725  1353   799   437   726 
  171   127   798  1352   172   128   800  1354 
 1352   798   799  1353  1354   800   801  1355 
 1353   799   437   726  1355   801   436   727 
  172   128   800  1354   173   129   802  1356 
 1354   800   801  1355  1356   802   803  1357 
 1355   801   436   727  1357   803   435   728 
  173   129   802  1356   174   130   804  1358 
 1356   802   803  1357  1358   804   805  1359 
 1357   803   435   728  1359   805   434   729 
  174   130   804  1358   175   131   806  1360 
 1358   804   805  1359  1360   806   807  1361 
 1359   805   434   729  1361   807   433   730 
  175   131   806  1360   176   132   808  1362 
 1360   806   807  1361  1362   808   809  1363 
 1361   807   433   730  1363   809   432   731 
  176   132   808  1362    28    29    30    93 
 1362   808   809  1363    93    30    31   122 
 1363   809   432   731   122    31    32    33 
