      -5.00000e-002       -5.00000e-002        1.00000e-001
      -1.66670e-002       -5.00000e-002        1.00000e-001
       1.66667e-002       -5.00000e-002        1.00000e-001
       5.00000e-002       -5.00000e-002        1.00000e-001
       5.00000e-002       -1.66670e-002        1.00000e-001
       5.00000e-002        1.66667e-002        1.00000e-001
       5.00000e-002        5.00000e-002        1.00000e-001
       1.66667e-002        5.00000e-002        1.00000e-001
      -1.66670e-002        5.00000e-002        1.00000e-001
      -5.00000e-002        5.00000e-002        1.00000e-001
      -5.00000e-002        1.66667e-002        1.00000e-001
      -5.00000e-002       -1.66670e-002        1.00000e-001
      -1.66670e-002       -1.66670e-002        1.00000e-001
       1.66667e-002       -1.66670e-002        1.00000e-001
      -1.66670e-002        1.66667e-002        1.00000e-001
       1.66667e-002        1.66667e-002        1.00000e-001
       5.00000e-002       -5.00000e-002        0.00000e+000
       5.00000e-002       -5.00000e-002        3.33333e-002
       5.00000e-002       -5.00000e-002        6.66667e-002
      -5.00000e-002       -5.00000e-002        6.66667e-002
      -5.00000e-002       -5.00000e-002        3.33333e-002
      -5.00000e-002       -5.00000e-002        0.00000e+000
      -1.66670e-002       -5.00000e-002        0.00000e+000
       1.66667e-002       -5.00000e-002        0.00000e+000
       1.66667e-002       -5.00000e-002        3.33333e-002
       1.66667e-002       -5.00000e-002        6.66667e-002
      -1.66670e-002       -5.00000e-002        3.33333e-002
      -1.66670e-002       -5.00000e-002        6.66667e-002
      -5.00000e-002        5.00000e-002        6.66667e-002
      -5.00000e-002        5.00000e-002        3.33333e-002
      -5.00000e-002        5.00000e-002        0.00000e+000
      -5.00000e-002        1.66667e-002        0.00000e+000
      -5.00000e-002       -1.66670e-002        0.00000e+000
      -5.00000e-002       -1.66670e-002        3.33333e-002
      -5.00000e-002       -1.66670e-002        6.66667e-002
      -5.00000e-002        1.66667e-002        3.33333e-002
      -5.00000e-002        1.66667e-002        6.66667e-002
       5.00000e-002        5.00000e-002        6.66667e-002
       5.00000e-002        5.00000e-002        3.33333e-002
       5.00000e-002        5.00000e-002        0.00000e+000
       1.66667e-002        5.00000e-002        0.00000e+000
      -1.66670e-002        5.00000e-002        0.00000e+000
      -1.66670e-002        5.00000e-002        3.33333e-002
      -1.66670e-002        5.00000e-002        6.66667e-002
       1.66667e-002        5.00000e-002        3.33333e-002
       1.66667e-002        5.00000e-002        6.66667e-002
       5.00000e-002        1.66667e-002        0.00000e+000
       5.00000e-002       -1.66670e-002        0.00000e+000
       1.66667e-002        1.66667e-002        0.00000e+000
       1.66667e-002       -1.66670e-002        0.00000e+000
      -1.66670e-002        1.66667e-002        0.00000e+000
      -1.66670e-002       -1.66670e-002        0.00000e+000
       5.00000e-002       -1.66670e-002        3.33333e-002
       5.00000e-002        1.66667e-002        3.33333e-002
       5.00000e-002       -1.66670e-002        6.66667e-002
       5.00000e-002        1.66667e-002        6.66667e-002
      -1.66670e-002       -1.66670e-002        6.66667e-002
       1.66667e-002       -1.66670e-002        6.66667e-002
      -1.66670e-002        1.66667e-002        6.66667e-002
       1.66667e-002        1.66667e-002        6.66667e-002
      -1.66670e-002       -1.66670e-002        3.33333e-002
       1.66667e-002       -1.66670e-002        3.33333e-002
      -1.66670e-002        1.66667e-002        3.33333e-002
       1.66667e-002        1.66667e-002        3.33333e-002
