       0.00000e+000        0.00000e+000        0.00000e+000
       0.00000e+000        0.00000e+000        0.00000e+000
       0.00000e+000        0.00000e+000        0.00000e+000
       0.00000e+000        0.00000e+000        0.00000e+000
       0.00000e+000        0.00000e+000        0.00000e+000
       0.00000e+000        0.00000e+000        0.00000e+000
       0.00000e+000        0.00000e+000        0.00000e+000
       0.00000e+000        0.00000e+000        0.00000e+000
       0.00000e+000        0.00000e+000        0.00000e+000
       0.00000e+000        0.00000e+000        0.00000e+000
       0.00000e+000        0.00000e+000        0.00000e+000
       0.00000e+000        0.00000e+000        0.00000e+000
       0.00000e+000        0.00000e+000        0.00000e+000
       0.00000e+000        0.00000e+000        0.00000e+000
       0.00000e+000        0.00000e+000        0.00000e+000
       0.00000e+000        0.00000e+000        0.00000e+000
      -1.86887e-004        1.86889e-004       -8.69540e-004
      -7.57779e-005        7.57784e-005       -4.26631e-004
      -7.72541e-005        7.72539e-005       -1.84589e-004
       7.72544e-005        7.72544e-005       -1.84590e-004
       7.57789e-005        7.57789e-005       -4.26634e-004
       1.86890e-004        1.86890e-004       -8.69546e-004
       5.43839e-005        1.21478e-004       -5.45439e-004
      -5.43800e-005        1.21478e-004       -5.45437e-004
      -9.36620e-006        7.12257e-005       -3.42023e-004
      -1.88805e-005        7.47652e-005       -1.60556e-004
       9.36721e-006        7.12259e-005       -3.42025e-004
       1.88808e-005        7.47654e-005       -1.60556e-004
       7.72539e-005       -7.72541e-005       -1.84589e-004
       7.57784e-005       -7.57779e-005       -4.26631e-004
       1.86889e-004       -1.86887e-004       -8.69540e-004
       1.21478e-004       -5.43800e-005       -5.45437e-004
       1.21478e-004        5.43839e-005       -5.45439e-004
       7.12259e-005        9.36721e-006       -3.42025e-004
       7.47654e-005        1.88808e-005       -1.60556e-004
       7.12257e-005       -9.36620e-006       -3.42023e-004
       7.47652e-005       -1.88805e-005       -1.60556e-004
      -7.72537e-005       -7.72537e-005       -1.84588e-004
      -7.57774e-005       -7.57774e-005       -4.26629e-004
      -1.86886e-004       -1.86886e-004       -8.69534e-004
      -5.43797e-005       -1.21474e-004       -5.45433e-004
       5.43836e-005       -1.21475e-004       -5.45436e-004
       9.36713e-006       -7.12247e-005       -3.42022e-004
       1.88806e-005       -7.47650e-005       -1.60555e-004
      -9.36612e-006       -7.12244e-005       -3.42021e-004
      -1.88804e-005       -7.47648e-005       -1.60555e-004
      -1.21474e-004       -5.43797e-005       -5.45433e-004
      -1.21475e-004        5.43836e-005       -5.45436e-004
      -4.78003e-005       -4.78003e-005       -4.15239e-004
      -4.78006e-005        4.78042e-005       -4.15241e-004
       4.78042e-005       -4.78006e-005       -4.15241e-004
       4.78045e-005        4.78045e-005       -4.15243e-004
      -7.12247e-005        9.36713e-006       -3.42022e-004
      -7.12244e-005       -9.36612e-006       -3.42021e-004
      -7.47650e-005        1.88806e-005       -1.60555e-004
      -7.47648e-005       -1.88804e-005       -1.60555e-004
       1.84385e-005        1.84385e-005       -1.35826e-004
      -1.84381e-005        1.84385e-005       -1.35826e-004
       1.84385e-005       -1.84381e-005       -1.35826e-004
      -1.84380e-005       -1.84380e-005       -1.35825e-004
       1.77965e-005        1.77965e-005       -2.87726e-004
      -1.77951e-005        1.77965e-005       -2.87725e-004
       1.77965e-005       -1.77951e-005       -2.87725e-004
      -1.77951e-005       -1.77951e-005       -2.87724e-004
